# b global global_epsilon video video_epsilon data data_epsilon voix voix_epsilon
3 0.000113095926666667 3.12025084485847e-06 7.638468e-05 1.70308163167829e-06 6.66773466666667e-05 1.51697693085953e-06 0.000200300066666667 4.76409669549224e-06 
4 0.000441343666666667 2.64035323818613e-05 0.000141373746666667 7.41826600172574e-06 0.000257349733333333 1.28078787082014e-05 0.000629002666666667 3.93037915941961e-05 
5 0.000722344266666666 6.46024779899656e-05 0.000261831333333333 3.01886945627001e-05 0.00063779 3.62003641470635e-05 0.0008393218 8.77235751075844e-05 
6 0.00101696906666667 6.23023805299926e-05 0.000396336 2.84534556934654e-05 0.0010632324 4.59809646795715e-05 0.00104074573333333 7.91047483916358e-05 
7 0.00131872 0.000124501088669939 0.000539419733333333 4.69478325821757e-05 0.001502278 0.000105239560449481 0.00124409266666667 0.000139670957469332 
8 0.00163657666666667 0.000141459886335314 0.000699149933333333 7.28033272943208e-05 0.001957066 0.000134380600640122 0.001463662 0.000149044180086309 
9 0.001914068 0.000235510137267167 0.000836112333333333 0.000100331312402261 0.002384088 0.000191483175134527 0.00163587266666667 0.000258539989468554 
10 0.00216037733333333 0.000193140741213241 0.000953732466666667 0.000114643338893788 0.002800482 0.000183007900658961 0.00176541066666667 0.000191817212169294 
11 0.002522772 0.000282360060822348 0.00114124826666667 0.000128549666528016 0.00330186866666667 0.00024370032471788 0.00202506333333333 0.00029344041441492 
12 0.00283287533333333 0.000359676410065492 0.00127901033333333 0.000177320107216018 0.003764918 0.000370383180073826 0.002228498 0.000342028865839713 
13 0.00310538333333333 0.000403167815203545 0.00144324733333333 0.000189975084183163 0.004260036 0.000422578714121287 0.00234328333333333 0.00035486995464536 
14 0.00353035933333333 0.000585995189647833 0.001632124 0.000269400421295884 0.00480892066666667 0.000597295420582144 0.00267121866666667 0.000584872080135135 
15 0.00370820666666667 0.000546708190395937 0.001729844 0.000266797817488075 0.00515310333333333 0.000595705262493123 0.00274605533333333 0.000502427739578141 
16 0.003910732 0.000399192163955657 0.001816658 0.000162578628643497 0.005508598 0.000423072781168442 0.002845894 0.000405190365433829 
17 0.00441349 0.000734225735635846 0.00211659 0.00038235522554295 0.00622198333333333 0.000750601183016654 0.00317695733333333 0.000667608813083231 
18 0.00484701466666667 0.00092651743618218 0.00229998333333333 0.000438915813645396 0.00681378133333333 0.000907080053954225 0.00348839 0.000869716683141125 
19 0.00515432066666667 0.000886778182490075 0.00245464333333333 0.000356764350772327 0.00715518266666667 0.000781939761783732 0.003749406 0.000916596369474808 
20 0.005332342 0.000882881092990217 0.00247013733333333 0.000404806904200509 0.00755844066666667 0.000757299297987526 0.00380744333333333 0.000935857611175974 
