# min global_moy global_epsilon video_moy video_epsilon data_moy data_epsilon voice_moy voice_epsilon 
40 0.00453710878774484 0.000244250267496038 0.00560173783984305 0.000461808343046827 2.0540418408323e-06 8.92976825038119e-06 0.00548139175807648 0.000280933437467782 
60 0.00179347298411933 0.000405526492267972 0.0022508928460823 0.000639327173110343 0 0 0.00216076351228589 0.000469568196676304 
80 0.000814997898950156 0.000193601390933252 0.000992527682950008 0.000264133044861381 0 0 0.000986867484747736 0.000233132748821519 
100 0.000433293307223304 0.000115234625658878 0.000609057212047303 0.000179403230407072 0 0 0.000512296135447009 0.000138040507307159 
130 0.000126004820019654 6.68446232032985e-05 0.00015714775380464 7.66701148780258e-05 0 0 0.000152033000670984 8.21274177089803e-05 
160 9.03273022251265e-05 7.45955363112983e-05 0.000126102696653084 0.000103705358064278 1.13077945863933e-05 1.7021591423243e-05 0.000104119990391767 8.54921788652511e-05 
190 1.1886353887022e-05 1.96500998197205e-05 0 0 0 0 1.65657142857143e-05 2.73950264516338e-05 
220 3.01307250869667e-06 2.72449440054182e-06 4.38236244631777e-06 4.09691917410628e-06 2.91645672178074e-06 5.01284588871995e-06 2.83142836723368e-06 3.12364383058459e-06 
250 3.01307250869667e-06 2.72449440054182e-06 4.38236244631777e-06 4.09691917410628e-06 2.91645672178074e-06 5.01284588871995e-06 2.83142836723368e-06 3.12364383058459e-06 
