1 489.05 68467 140
2 198.114754098 12085 61
3 251.168316832 25368 101
4 291.675159236 45793 157
5 296.056737589 41744 141
6 356.822222222 48171 135
7 524.744047619 88157 168
8 324.542857143 56795 175
9 441.246575342 64422 146
10 280.102564103 43696 156
11 391.090225564 52015 133
12 1454.33333333 8726 6
13 350.65648855 45936 131
14 365.651685393 32543 89
15 454.655367232 80474 177
16 259.898989899 25730 99
17 277.294117647 28284 102
18 932.692307692 48500 52
19 252.788235294 42974 170
20 1292.70422535 91782 71
21 307.6 12304 40
22 270.475247525 54636 202
23 282.75862069 16400 58
24 312.592592593 33760 108
25 276.737288136 32655 118
26 372.885714286 39153 105
27 426.551470588 58011 136
28 439.782178218 44418 101
29 485.315789474 55326 114
30 328.993377483 49678 151
32 526.740740741 71110 135
33 846.12605042 100689 119
34 318.542372881 37588 118
35 336.923497268 61657 183
36 417.657754011 78102 187
37 917.36 91736 100
38 396.903846154 82556 208
39 440.912280702 75396 171
40 251.058510638 47199 188
41 318.328571429 22283 70
