6075 8959
9093 42729
39209 8909
5144 32115
126321 2181
35684 10176
6049 126628
118011 26570
39210 126628
274249 85570
521047 40916
4875 8959
150981 36162
31526 3141
84340 152213
25657 12696
5138 5125
138019 103206
150980 177587
73776 126556
26541 16871
52019 3000
25821 8909
216678 432436
658099 152213
25657 2811
150984 8909
117800 3450
226409 125356
2668 5143
5125 3584
39209 432437
872496 206784
2668 17795
11221 6049
6058 17282
7677 22731
6186 2028
222383 391611
6065 4872
126556 22731
5215 112115
15824 111925
40590 9950
31508 5215
37847 3513
40835 3450
140312 111295
10393 2028
25657 6200
11363 783
7106 150997
90936 9773
6462 7128
5045 25657
62663 4131
75688 16764
11298 3513
3454 5670
637371 439761
64257 11205
5215 46907
21948 3454
84340 5480
10176 54109
7677 5138
125870 373630
21948 11173
74622 39209
5144 4745
11288 15651
63376 4129
60975 4129
31508 3291
2811 2668
11363 12021
24315 138396
5125 39209
112115 7677
33229 694808
3584 17795
3513 5144
3291 28284
341534 341522
341525 341519
3513 61342
8909 36158
4131 216666
10393 19772
4131 9963
15651 3513
76761 11363
216666 9950
15804 6058
17321 118686
22293 22731
9773 66446
12014 9773
290766 26570
10021 15044
40835 145010
11221 15824
6200 15651
10021 5143
56567 15824
140314 11173
6137 19772
7106 85570
15589 3513
85570 150985
2668 54204
5045 2811
7097 17321
2811 9773
3584 19843
39168 9617
150993 67123
5144 2668
5125 31533
127062 54204
73871 78834
36162 45299
31564 5144
40758 9617
8909 274249
19772 42729
11173 10393
117800 9093
150978 76761
5224 3913
15804 6498
3254 4129
118011 62964
2028 2181
69578 7677
15804 15044
31508 4131
3513 19772
6137 20950
17321 103206
78834 54139
73871 150990
3291 3450
109318 3584
9959 41144
113270 20332
22293 3584
4875 55790
274680 310423
6049 226409
237092 521047
12712 12696
3513 15429
67123 179285
6049 16764
15429 4875
13680 9944
3000 3513
237076 42298
6049 30466
25069 62964
3291 40590
84340 4872
2668 9617
216683 216672
3584 6770
8443 5215
81364 125870
205835 377809
4129 3014
73871 207365
11288 127775
6200 4881
64578 6058
150980 166363
8959 63024
11205 9093
216688 216681
6058 12462
151003 871160
36162 151003
2028 3141
3254 5215
2181 4129
40590 27536
310419 59091
4131 15651
3280 8959
11363 9963
84340 20921
64257 4131
441079 206784
341529 341534
102894 65345
205294 237076
84340 658094
9617 15589
3603 6200
19578 3291
5140 17321
3141 4131
40590 5144
55790 2028
4779 33796
9617 9773
3291 8443
61960 11298
3454 3000
6049 783
85570 25069
11250 12021
4129 6186
62964 207365
4131 11298
31526 3291
8909 227182
341519 222375
7693 165577
15638 17282
637371 195513
7097 6075
2181 15429
3291 6462
6462 16871
3450 5480
36158 341255
9617 32108
15044 84340
1124227 20349
9093 10021
2668 12001
63173 63376
20334 12001
3254 6075
2668 3603
6462 10393
11205 31533
19772 3141
341529 222383
391609 658098
674009 58382
5125 3454
40758 44229
7688 61342
547807 521047
60975 73871
67123 62964
29749 9959
138395 4129
8959 19772
8612 3000
3254 6058
12696 11621
9963 123246
65392 5144
23339 84340
310423 40758
432437 205294
44229 839864
3454 72241
64578 3254
237078 4131
783 103206
84340 17282
344753 222375
2181 14634
62628 11173
140623 9773
5125 4146
151003 3513
67123 78834
658095 318696
19772 40970
290766 274249
5144 64257
310423 226409
15589 15044
323225 14819
140312 189131
3291 120573
36158 7106
5045 40590
103206 11363
4875 11205
27536 3450
35684 237076
22731 84340
9617 118011
15589 17282
11221 11173
3014 3254
351770 36158
177587 62964
5140 5144
5670 22731
7097 72241
5215 6049
8381 76761
36158 26570
207202 9950
4131 33229
5125 55790
251175 63024
4779 46907
216666 216681
63376 9617
579496 37847
216678 216666
9093 27752
62964 27731
193281 11205
5224 10393
8612 17321
37847 12868
15589 16871
341255 26575
2811 31508
274249 7106
658099 391610
10021 40808
3454 3254
12712 5670
126628 216688
12646 11332
6137 3584
6049 4779
206085 32108
138019 40835
4131 31526
15824 150981
623193 216687
6049 9959
31564 3254
118011 290766
7106 150981
585768 439761
127775 9963
3454 65350
61960 3141
151004 20349
354546 6186
3450 15589
3254 11221
9093 11363
5138 5045
74622 5045
19772 5125
63849 11363
103206 3141
9617 4146
3913 6137
9617 237078
206784 9617
63849 2028
54139 10176
150990 150998
102894 6049
11332 118011
237092 694808
6075 2181
3291 11221
6049 65345
4129 65392
63986 140312
42295 11288
3000 5670
290433 147807
37847 5670
25069 20334
25657 31564
63215 117800
54139 5045
6049 40590
237078 216683
150984 11288
4875 4779
19772 37847
26541 5140
8909 59091
5125 9944
15044 4875
126556 76761
5670 10021
100801 9950
2181 15804
9617 2811
140312 188038
60975 6462
39642 226409
126628 37847
5045 3254
658095 4129
10176 11288
31533 5670
7677 12001
6200 3014
7128 5215
150993 20334
6049 4745
42298 42729
16871 2668
8959 3513
4875 3291
31533 5045
8909 20349
2668 4881
4129 5140
473196 206784
3454 6075
12868 3254
6504 165577
226409 216678
11621 11205
126628 226402
17282 5045
4129 17321
8612 6049
11298 8443
188038 205294
7106 15824
76827 28284
152213 391611
4129 6178
2668 64578
7677 2811
5670 4745
6049 139041
6200 3513
6137 6186
2668 81756
6462 19772
4131 4146
16871 17282
138395 579496
42729 6075
22731 4872
5144 41144
391609 195513
521047 58382
5144 9617
4875 5215
38935 13680
206784 210279
27731 3584
3513 2028
432438 274680
20349 33796
226409 130802
17321 4779
126252 11332
39642 6137
42298 12021
27731 8959
182646 140312
941895 373630
103206 669837
5215 117800
251175 6075
3000 5480
310419 150997
17321 5125
19772 6186
3454 65154
7677 15589
32115 40590
32100 10021
7106 3513
76761 151003
5480 64257
17795 3450
10021 42729
2668 35150
245901 341519
46834 84340
226409 81364
6058 52019
3513 85570
2811 15638
6178 7106
9959 7677
9617 216687
177587 56567
150984 3513
237092 100801
41144 11205
127775 127062
2181 5224
9773 31508
9963 7677
3513 76712
179285 207365
16871 32582
1012546 521047
7106 80483
3291 42298
19584 6498
125870 126628
17282 25657
11332 150997
19772 11298
17321 14634
5236 21948
64578 10021
341535 341519
32108 3450
64578 5125
237078 216691
5670 9617
193224 76761
5144 6462
341523 341519
41144 17321
205519 188038
222383 81419
138395 32108
27731 78834
39209 318696
25657 8753
2028 9093
4131 288945
40905 4131
7106 150993
5215 15589
6058 4131
36162 11332
10021 6058
4779 81756
125356 178285
152213 547807
237078 40916
226409 814358
4129 216666
5215 32115
19772 4745
205294 16764
64157 62663
4131 93178
377809 84340
2028 4881
3584 5236
80483 9773
5125 3450
7677 6462
4129 4779
9963 19772
10021 2181
6137 63849
17795 20334
11363 36161
5480 9773
22293 11173
3513 6065
14634 5480
274249 54109
4872 4129
12646 1124227
150984 80483
6049 37847
3513 11173
32108 3513
32100 9617
126338 84340
31564 15429
3291 6137
11621 15589
150978 8909
256378 5045
139041 11173
4881 6049
15824 4872
118011 150997
226409 5480
222375 341522
245424 5140
251175 6049
5670 80483
10021 6075
3000 109318
3014 34226
126556 36161
179285 120232
15824 12712
391609 39168
76712 40590
4131 9093
521047 9093
63986 3000
125356 226402
195513 84340
3584 3450
76761 150984
63986 111295
29749 126628
63849 4129
9963 15589
31533 3513
59091 1124227
54204 3141
222383 22293
898480 84340
6137 3454
73563 6498
2668 9773
40808 5670
3254 2028
4847 9773
7106 179285
6186 5144
102894 6462
216681 206969
341522 222383
2668 193281
3913 6049
140314 4872
222383 84340
5215 138019
182646 341523
6613 5140
76712 2668
4745 64257
216678 33229
4131 5140
102894 6058
40905 34226
63849 3513
3014 19772
81422 341534
179285 126556
5140 3454
3454 10021
3280 5224
4129 15651
40916 216687
17321 11288
31508 4129
9944 7677
9093 64578
6075 5143
6058 31564
35684 43275
341255 7106
216672 216690
78834 126556
3513 4129
4881 8959
226409 216688
127775 310423
3913 3280
1065009 9950
25821 6049
93178 3141
126556 11173
3254 3513
9944 11621
25821 5125
210278 12696
2668 5140
3254 22731
216681 216690
437481 6498
3584 9963
4131 3513
81419 341519
227182 151003
36161 20332
2668 39642
9617 11173
3000 6058
15638 4875
9617 63024
64157 152371
11621 12712
11173 5236
4872 12861
16764 4131
1012546 39210
19843 6049
26575 36158
12712 118011
29749 5236
3584 5140
7688 3513
341525 140312
432437 140312
2181 5138
32100 40835
3603 5670
3014 39642
9617 15804
2668 6504
3254 9093
112115 2668
36162 7677
5140 55790
4872 5236
3513 3584
17321 25657
3254 32115
19843 2028
4146 1124227
32100 54109
150981 150978
5140 4875
80483 8909
4131 5125
11288 3000
118011 120232
40758 81364
11298 10176
341523 147807
17795 15589
4875 3513
188038 75688
67123 11332
35684 205294
63849 9617
36158 179285
75688 3513
17321 5480
16871 32115
6137 24590
120011 3513
11363 3254
9950 441079
140314 17321
4872 17282
63215 150981
9773 136555
19772 11173
3291 5670
150998 85570
11288 2668
32108 123232
65392 32100
6058 2028
126556 3291
14634 6137
20334 33796
26575 150980
207202 140312
8443 5670
182646 81421
5138 5224
1063531 207202
5045 7677
150993 80483
178285 182646
65350 5224
63024 11205
11173 5143
84340 3454
521047 216687
11332 76761
118011 166363
8959 4745
3450 211537
237092 216687
274249 33796
4779 102894
46834 22731
140312 138395
25657 3603
102894 4131
3450 32115
3254 65345
9617 3014
80483 2668
78834 17321
2668 6058
118011 341255
3454 15429
36158 6049
3000 46991
318696 658099
3291 11250
168691 3291
6075 31508
54139 2181
5480 75688
32115 111925
40758 40813
11173 4872
491180 8959
54109 9773
40590 41144
85570 179285
32115 5480
111925 11363
31526 9617
341519 395642
150998 150993
10021 9617
182646 341519
4875 3141
69578 42295
85570 20332
73699 63376
20334 150990
26541 5215
32108 40905
11298 56330
40961 182646
25069 15589
12001 36158
54204 783
3584 17282
22114 3000
7097 32100
585768 53091
7677 11363
9944 3513
126628 216672
4197 4129
26570 26575
76761 666971
4872 40813
6462 5045
9773 19772
7693 3141
15638 6075
3014 5670
666971 80483
3584 31508
2668 2028
439761 618125
138019 5125
39209 39214
3000 6186
178285 341525
103206 6049
40758 5236
9145 61342
178285 4779
139041 11288
31533 2811
6137 2668
4875 3254
3513 9963
7097 15429
9093 139041
3014 5480
22731 31526
150997 179285
222375 341527
6049 19578
8612 72241
44601 11173
84340 585768
12712 3141
8959 2668
3513 64578
2028 134893
25657 40916
6462 3516
4131 7677
3291 10393
9963 15804
6504 7677
22731 93178
31533 6178
19843 41144
62628 32115
9773 16871
20332 33796
20334 8909
15589 32100
62628 3454
227182 117800
9773 6049
65350 15638
2811 5215
178285 222383
32108 54204
37847 33796
7677 52019
2668 205835
15589 15638
207365 78834
182646 341525
191532 40813
5480 1173498
43275 265393
6049 5045
150998 11363
42729 15589
4129 33229
6178 20950
36158 227182
12001 69578
11332 12712
56567 27731
24315 7677
65345 9617
5480 40835
76761 1124227
5670 25657
4881 2181
8909 207365
117800 150990
4129 54139
623193 84340
2028 62628
5125 108679
52019 8443
9950 40961
23042 34226
15044 5224
28284 37847
9950 84340
64157 2668
3513 25069
11298 5045
118011 3513
5045 10021
3603 4129
27731 150981
5138 4875
67123 150981
9773 14819
6178 13680
8909 33796
205294 432438
521047 9950
64578 63849
222383 391609
150997 20332
637371 206969
33796 85570
4779 2668
26575 6049
150984 85570
80483 118011
10176 3513
7097 40835
7693 139041
16871 15044
5215 6075
20349 8381
150998 9617
439761 11363
78834 7097
52019 9773
76761 8909
40590 3584
15589 3584
9963 5224
2668 12861
32108 31508
341519 341527
4875 4847
20332 150985
150997 85570
16871 5224
3014 5045
9617 152371
4131 15638
15804 103206
3454 3141
9944 36162
3513 783
3014 3584
7106 67123
84340 140312
11250 40758
5125 4872
15804 3291
32100 24590
73871 7677
5480 20479
25069 67123
11298 76712
6498 5215
377809 54015
5045 12868
9944 2668
20349 150997
34226 36162
17321 9963
3454 64257
31526 15044
12868 3454
216687 58382
8959 54109
6049 8959
3141 4881
16871 6498
9145 8959
6058 9617
33796 36161
150980 36161
11298 64257
12462 71313
150997 8909
216678 210278
36158 11332
207365 118011
117800 9944
210279 205294
27731 80483
3291 54139
318696 391609
85570 150990
2668 62628
9773 84340
15044 5045
3913 3141
126556 30466
5670 22293
4881 5045
12001 36162
40961 9617
31533 8959
40961 39168
2028 31508
17795 32115
20334 151004
5143 6200
4129 32108
3014 9944
1356436 76827
65345 65340
31508 3513
6462 4129
66446 3141
6065 7693
65350 61342
44229 138396
9093 32115
103206 54109
45299 6462
10021 11205
179285 210803
11332 9617
20338 26570
9944 8443
6200 15638
5236 5138
134893 4129
206969 391611
7128 16871
117800 150981
91171 206784
40970 2028
193224 58382
1012546 623193
341255 20338
127062 11332
16871 6075
36165 150985
37847 40813
1124227 118011
2668 11221
140312 441079
36162 36165
80483 144764
5143 9944
3291 7693
12646 20349
1012546 216693
25657 4875
150978 36165
40590 3254
19772 5215
138019 5140
5224 6065
6049 3014
73699 11205
84340 81422
237076 310423
637371 585768
40961 3141
10021 3291
11363 150984
7677 5140
84340 33229
2668 75688
40835 3291
11173 2028
7677 9145
2668 4872
17321 6178
7106 29749
5480 39642
3000 78147
19772 64578
7677 54204
19772 4779
73776 6178
25657 3291
43275 5480
4131 63986
7677 85931
33229 3291
9773 7693
5045 5144
32115 4745
4779 12861
7106 150980
637370 391609
9773 10021
25821 3291
56567 197123
6049 6504
151003 85570
15824 7097
15824 73871
216678 216687
5480 40916
40916 694808
27731 3454
2668 20332
39168 237078
3280 2668
6049 42729
5138 44601
39214 39210
25657 9145
5670 17282
40808 2181
26570 150997
251175 17282
17282 6049
36161 36158
4129 6137
5143 10393
3000 19843
2181 5140
17282 31533
6498 27731
7677 45299
178285 84340
11173 15589
31526 8959
17321 2668
3254 15429
17321 3450
19843 9617
64257 5045
22293 25657
5215 4197
61960 3014
17321 54139
5670 5140
19772 9617
84340 58382
5224 11205
290766 33796
216687 97982
17795 3254
6049 4875
2028 15044
17321 63986
774886 2668
5138 4779
4847 3584
27731 7106
10176 5480
150981 20332
31533 4129
3291 58382
3454 65392
4131 4872
69578 40590
9773 14634
3141 6075
27536 4131
920022 118011
5670 9145
144764 763056
11250 3513
15589 3014
15804 3254
5045 16871
5215 2181
31508 5125
9963 2668
54204 3513
165577 6065
5215 6178
37847 138396
206784 3513
31533 21948
7677 22293
62964 73871
3014 54204
11621 25821
521047 32100
126628 32108
9093 6137
344753 341533
36161 60975
40758 125870
16871 6049
25657 10393
3000 3254
3450 64807
2668 11173
138019 31526
39209 40970
102894 4872
74622 84340
78147 36162
35150 5125
64257 5224
6075 5045
2668 3913
205835 9093
7693 3513
31526 6049
31564 6186
206969 377809
5045 20950
432437 188038
78834 40758
658094 658099
6137 64257
22114 3450
26575 3141
54015 205835
81421 341527
4875 6186
150980 179285
65392 5045
151003 11363
310419 8909
237092 1012546
7106 150978
19843 11205
5144 6200
195513 618125
73563 81421
44229 127893
3254 6049
6065 11221
10021 7128
126321 7693
637371 637370
9617 210279
6200 5480
62628 10393
12021 11288
2668 46834
229481 3584
3000 3014
12001 42295
20334 2668
20334 20332
20334 36162
62628 5144
377809 23347
38935 78834
17795 9963
7677 127893
1369545 64157
37847 216688
103206 7677
5045 6770
237076 39168
17321 3513
11363 5670
9963 136555
193224 33229
12861 63173
7693 11332
150985 12646
178285 226402
64257 22293
73871 4146
28908 22114
44229 7677
12696 15824
4129 12001
11221 2181
8443 3014
694808 216683
4779 15044
20349 59091
15044 4872
20332 151004
36165 150981
8909 666971
59091 63173
5143 3513
4847 9617
4875 5125
25657 6049
6137 46991
84340 521047
12001 783
274249 5670
138395 3513
25657 5125
39209 226409
84340 125870
19772 3584
46834 17321
12868 78834
4131 9145
2181 2479
9617 5480
17282 15804
63024 15429
210278 210279
783 3254
6462 3141
3291 9773
65345 3513
22293 6058
5045 16764
4129 126321
6186 2181
206784 61342
658095 126338
85570 151004
15589 42295
2668 43275
41144 2668
6462 14634
19772 15044
36162 5138
93178 2028
9950 235057
136555 4745
3454 19578
3000 5125
81421 341534
694808 216687
4872 5045
3000 32115
6613 9944
3291 3513
76712 3254
64578 17795
473196 2668
27731 15804
140312 125870
4129 5670
441079 31100
666971 67123
19772 5670
3513 12014
623193 694808
150993 274249
839864 40758
42729 5670
32108 40835
179285 118011
58382 391609
5045 2181
6178 5045
5045 103206
237092 216678
15638 5125
150985 341255
3454 14634
15429 15804
31526 54109
62628 64578
8443 9773
3291 32108
20349 12696
6075 20921
11205 5140
341527 341533
4131 20950
2479 2668
39168 44229
4847 6075
216681 216678
7097 5140
5138 3584
182646 9617
6049 6178
32100 2668
3254 3141
5045 17795
31564 9093
783 4131
16871 25821
4875 31508
52019 3913
12646 150981
120232 346478
2668 56567
63376 37847
11298 3254
26575 80483
67123 150990
5670 2811
4129 9145
9093 93178
73871 150984
125870 178285
4875 9617
4129 7106
62663 2668
4131 34226
5670 3450
2181 41144
17321 25069
81364 37847
3291 25069
64578 4131
62964 78834
126321 2668
3513 4847
4875 31533
40590 7677
45299 2668
6049 11205
3291 16871
73871 127062
55790 15044
3450 3014
140314 2181
521047 237078
78834 85570
54109 2028
6186 3291
341522 341519
10393 6498
3291 62663
6137 6058
205294 432436
11363 10176
6504 34226
4131 7106
15429 3141
39168 3291
245424 9963
151004 36158
222383 290433
5215 3141
19772 65154
19772 78834
93178 15804
42298 6049
25657 2028
5670 8612
23042 2668
63849 9093
623193 623192
12021 11173
7106 290766
126321 3513
5138 4129
658098 658095
205519 75688
3450 4146
36162 3141
34226 3450
12861 6049
3291 31533
5144 5143
4129 3000
151004 8909
39168 24590
13680 4129
6137 5125
102894 3454
21948 12868
5224 6462
6178 69578
16871 2181
8612 11205
117800 6504
168691 36162
27731 19578
76712 4779
64257 6200
37847 84340
84340 341529
27536 6049
42298 7097
12646 666971
12696 235057
11173 3291
139041 32100
4745 22293
6770 6049
4131 80523
8909 150993
2181 31526
11250 81364
38935 5125
32115 4197
17321 64257
9617 32115
3141 35150
15638 108679
11298 238077
39209 39210
6065 3291
521047 391609
7106 126556
5670 6075
3450 6200
3513 8753
10176 123246
138019 6186
27731 11221
6200 52019
2811 22293
547766 32100
3291 15429
7106 36162
25657 15651
37847 226402
3513 6137
207202 3513
52019 3450
15804 8959
20332 20349
15804 7097
80483 11332
118686 3513
126252 81364
341528 341529
103454 8959
139041 127062
222375 341534
9963 6137
12696 69578
9773 12462
4131 354546
3014 5125
5045 13680
31508 46834
9773 5670
5125 5224
31526 6178
150997 150981
11205 31564
54139 90936
8959 3584
9963 12696
10021 3513
117800 20332
210803 207365
6049 15824
13680 11250
5140 7128
8612 11298
9944 10176
2028 5045
39168 216666
3454 3291
7106 33796
15589 22293
3291 40970
151003 150981
11363 19772
3000 2668
341255 63215
7677 44601
113270 20334
9773 5125
5125 26541
42729 259193
16871 5125
5670 46991
140312 941895
17282 2181
2668 22731
5480 74622
216672 216678
17321 31533
31533 5144
207365 11332
4129 2811
140312 3513
432437 43275
63986 4129
177587 207365
9950 33229
5480 85931
36158 150980
310423 341524
6075 84340
9617 40813
17321 10021
5215 5224
814358 84340
8909 5670
7677 15044
179285 8909
6186 5045
3454 7128
85570 117800
5045 11205
2181 5143
138395 138396
5138 3291
7106 150984
325741 8959
19584 5215
91171 43275
65340 3014
4129 42295
8959 5670
432435 235057
84340 138019
17321 64578
4129 256378
1012546 182646
111925 5144
32100 1063531
3014 52019
4779 36161
64578 5045
3014 12462
32100 441079
15651 5670
19772 2811
7677 11621
3513 80523
11221 4129
2181 9963
3141 3450
7128 4131
17321 5224
59091 22114
40970 6049
210279 310423
84340 188038
7097 3513
4131 66446
6186 31508
11363 5125
3291 44269
40808 2811
4131 3584
274680 441079
3513 3603
4131 32115
61342 941895
3291 9950
4131 6200
12462 3454
3584 10021
22731 11173
25821 5144
17321 9617
31533 19772
64257 2668
666971 7106
14634 3603
40590 6200
8909 12646
237078 216678
6504 3141
6504 4131
40970 138019
25069 26570
205835 39209
216683 1012546
117800 20349
150978 150985
152371 274680
226402 40758
15638 6049
85570 36162
11332 3141
53091 195513
11205 40961
585768 637370
150984 67123
237078 4129
31564 54139
3513 139041
3450 20921
150981 166363
6049 66446
80523 3584
5480 4129
4779 17527
5138 76827
7128 5045
16764 205519
4129 15429
5215 2668
9773 9944
6613 134893
73871 12646
150981 20334
65392 103206
54204 100801
36158 151003
5045 32115
4875 5480
3513 205519
12696 7688
10393 6504
150981 73871
182646 344753
7693 3014
17321 4745
16764 84340
84340 658098
5125 6498
2028 9617
3254 6504
17795 5480
40758 27536
25069 9773
341534 395642
2028 41144
15044 5125
6200 17321
54015 10570
40758 478205
10393 5144
9617 3280
235057 274680
7677 62663
63376 4131
5045 9959
9950 9617
7128 6049
15651 6075
6504 3291
15044 38935
783 3291
25657 5144
17321 138019
36165 7106
11173 6065
15429 5224
36162 227182
3454 5144
37847 14819
12861 28284
235057 7677
40758 140312
6049 84340
81419 222375
151003 7106
4745 2028
2181 84340
5480 11298
20349 150978
12646 166363
67123 166363
2668 65350
222375 391611
76712 126252
2668 17282
216693 623193
5143 22731
84340 147807
6049 216691
9093 17321
5125 5215
637371 53091
84340 1183702
17321 3141
377809 23339
28284 9145
6049 5670
11363 10021
40970 4197
5480 3291
108679 40590
4129 3291
126321 5144
5215 16871
32100 9773
150978 20334
165577 2811
658095 658094
3291 5125
193281 56567
216691 237092
76761 12646
441079 1065009
4131 4881
2668 150990
3913 27731
5670 45299
62628 3291
27536 126556
27536 54139
3000 8443
12861 7097
32108 37847
19584 2668
15044 7693
4131 26541
64157 7677
5045 32582
10176 9773
9963 138019
10021 3254
17321 9950
15651 7677
31526 19578
126556 73699
11205 3141
54139 5125
31564 3291
441079 216690
3454 9773
37847 125356
150984 78834
33796 227182
85931 6058
3913 3291
103206 8612
36162 26575
3291 22731
177587 4146
3450 6075
5125 5670
81421 84340
8381 19772
6200 4129
39210 40758
373630 111295
150990 274249
274249 11332
7106 60975
118011 15824
6200 17795
54204 6462
16871 64257
5670 3141
314430 26575
5215 11205
7693 33548
62663 6049
391610 84340
11205 93178
2668 7693
5140 84340
341522 341527
36161 6049
6075 3280
193281 4131
130802 341535
22293 6137
81364 226402
4872 7677
56330 9773
3516 2668
9944 6065
9773 3000
205835 91171
62663 5045
9617 6200
3454 3513
20338 9959
20338 238077
3913 19772
3291 5045
4779 12696
3513 39209
4129 93178
6075 5125
9617 9093
7677 65154
85570 36158
6075 15044
31526 6058
71313 3584
15824 150984
150984 150981
5215 3513
3454 17282
3450 6058
31564 102894
658094 206969
73776 4779
3141 235057
226409 61342
39168 58382
5140 31526
40961 130802
40758 3141
15824 26570
3913 22293
5045 15824
17282 4745
4146 3513
3000 6075
5143 13680
441079 9617
15044 3254
216687 39168
11205 22293
23347 84340
6049 9617
5215 4131
140312 130802
33796 29749
80523 4129
42298 11288
12021 3513
341522 84340
9963 76712
40916 17321
245901 182646
64807 3291
7106 150990
5480 9145
222383 341519
13680 6504
118686 206085
5045 5143
125870 2668
9773 44269
5215 6137
63024 3291
220672 32115
6075 3584
152213 637370
8381 33796
9093 6049
3291 126321
67123 117800
377809 391609
25069 78834
12861 37847
9773 93178
16871 5670
20334 36158
3450 7677
32108 256378
9093 3513
6049 4131
2181 5125
33229 521047
52019 5125
15044 5140
518010 658099
3291 20950
35684 210279
126556 2181
6058 3291
21948 63376
39168 222383
103206 3513
2811 108679
373630 637598
9617 76827
25821 6065
147807 226409
16764 5480
2668 487000
3291 80523
138396 126628
25657 6178
15638 32115
216666 216691
11288 9617
16764 12001
4872 5670
11332 3513
15589 9773
85931 52019
521047 6049
32100 15044
432437 237076
9773 8959
251175 16871
40961 310423
9963 5045
205294 3513
3141 32108
2181 3513
37847 39210
341528 341519
19578 4847
52019 63173
4881 3291
20332 7106
3254 4847
17282 9617
6178 15589
11205 5125
3291 9617
17795 25657
56567 3513
64157 432437
6049 125870
216688 216666
11221 11332
6049 38935
40808 11332
15044 62663
8909 150985
341533 341528
8909 36162
5224 22731
9773 150981
4881 5215
6462 15044
3291 29749
439761 637370
25657 3141
3254 41144
103206 3603
63849 9145
227182 7106
11173 5215
274680 226409
3014 76712
3913 3513
150980 12646
9773 11298
