6075 8959
9093 42729
39209 8909
5144 32115
126321 2181
35684 10176
6049 126628
118011 26570
39210 126628
274249 85570
521047 40916
4875 8959
150981 36162
31526 3141
84340 152213
25657 12696
5138 5125
138019 103206
150980 177587
73776 126556
26541 16871
52019 3000
25821 8909
216678 432436
658099 152213
25657 2811
150984 8909
117800 3450
226409 125356
2668 5143
5125 3584
39209 432437
872496 206784
2668 17795
11221 6049
6058 17282
7677 22731
6186 2028
222383 391611
6065 4872
126556 22731
5215 112115
15824 111925
40590 9950
31508 5215
37847 3513
40835 3450
140312 111295
10393 2028
25657 6200
11363 783
7106 150997
90936 9773
6462 7128
5045 25657
62663 4131
75688 16764
11298 3513
3454 5670
637371 439761
64257 11205
5215 46907
21948 3454
84340 5480
10176 54109
7677 5138
125870 373630
21948 11173
74622 39209
5144 4745
11288 15651
63376 4129
60975 4129
31508 3291
2811 2668
11363 12021
24315 138396
5125 39209
112115 7677
33229 694808
3584 17795
3513 5144
3291 28284
341534 341522
341525 341519
3513 61342
8909 36158
4131 216666
10393 19772
4131 9963
15651 3513
76761 11363
216666 9950
15804 6058
17321 118686
22293 22731
9773 66446
12014 9773
290766 26570
10021 15044
40835 145010
11221 15824
6200 15651
10021 5143
56567 15824
140314 11173
6137 19772
7106 85570
15589 3513
85570 150985
2668 54204
5045 2811
7097 17321
2811 9773
3584 19843
39168 9617
150993 67123
5144 2668
5125 31533
127062 54204
73871 78834
36162 45299
31564 5144
40758 9617
8909 274249
19772 42729
11173 10393
117800 9093
150978 76761
5224 3913
15804 6498
3254 4129
118011 62964
2028 2181
69578 7677
15804 15044
31508 4131
3513 19772
6137 20950
17321 103206
78834 54139
73871 150990
3291 3450
109318 3584
9959 41144
113270 20332
22293 3584
4875 55790
274680 310423
6049 226409
237092 521047
12712 12696
3513 15429
67123 179285
6049 16764
15429 4875
13680 9944
3000 3513
237076 42298
6049 30466
25069 62964
3291 40590
84340 4872
2668 9617
216683 216672
3584 6770
8443 5215
81364 125870
205835 377809
4129 3014
73871 207365
11288 127775
6200 4881
64578 6058
150980 166363
8959 63024
11205 9093
216688 216681
6058 12462
151003 871160
36162 151003
2028 3141
3254 5215
2181 4129
40590 27536
310419 59091
4131 15651
3280 8959
11363 9963
84340 20921
64257 4131
441079 206784
341529 341534
102894 65345
205294 237076
84340 658094
9617 15589
3603 6200
19578 3291
5140 17321
3141 4131
40590 5144
55790 2028
4779 33796
9617 9773
3291 8443
61960 11298
3454 3000
6049 783
85570 25069
11250 12021
4129 6186
62964 207365
4131 11298
31526 3291
8909 227182
341519 222375
7693 165577
15638 17282
637371 195513
7097 6075
2181 15429
3291 6462
6462 16871
3450 5480
36158 341255
9617 32108
15044 84340
1124227 20349
9093 10021
2668 12001
63173 63376
20334 12001
3254 6075
2668 3603
6462 10393
11205 31533
19772 3141
341529 222383
391609 658098
674009 58382
5125 3454
40758 44229
7688 61342
547807 521047
60975 73871
67123 62964
29749 9959
138395 4129
8959 19772
8612 3000
3254 6058
12696 11621
9963 123246
65392 5144
23339 84340
310423 40758
432437 205294
44229 839864
3454 72241
64578 3254
237078 4131
783 103206
84340 17282
344753 222375
2181 14634
62628 11173
140623 9773
5125 4146
151003 3513
67123 78834
658095 318696
19772 40970
290766 274249
5144 64257
310423 226409
15589 15044
323225 14819
140312 189131
3291 120573
36158 7106
5045 40590
103206 11363
4875 11205
27536 3450
35684 237076
22731 84340
9617 118011
15589 17282
11221 11173
3014 3254
351770 36158
177587 62964
5140 5144
5670 22731
7097 72241
5215 6049
8381 76761
36158 26570
207202 9950
4131 33229
5125 55790
251175 63024
4779 46907
216666 216681
63376 9617
579496 37847
216678 216666
9093 27752
62964 27731
193281 11205
5224 10393
8612 17321
37847 12868
15589 16871
341255 26575
2811 31508
274249 7106
658099 391610
10021 40808
3454 3254
12712 5670
126628 216688
12646 11332
6137 3584
6049 4779
206085 32108
138019 40835
4131 31526
15824 150981
623193 216687
6049 9959
31564 3254
118011 290766
7106 150981
585768 439761
127775 9963
3454 65350
61960 3141
151004 20349
354546 6186
3450 15589
3254 11221
9093 11363
5138 5045
74622 5045
19772 5125
63849 11363
103206 3141
9617 4146
3913 6137
9617 237078
206784 9617
63849 2028
54139 10176
150990 150998
102894 6049
11332 118011
237092 694808
6075 2181
3291 11221
6049 65345
4129 65392
63986 140312
42295 11288
3000 5670
290433 147807
37847 5670
25069 20334
25657 31564
63215 117800
54139 5045
6049 40590
237078 216683
150984 11288
4875 4779
19772 37847
26541 5140
8909 59091
5125 9944
15044 4875
126556 76761
5670 10021
100801 9950
2181 15804
9617 2811
140312 188038
60975 6462
39642 226409
126628 37847
5045 3254
658095 4129
10176 11288
31533 5670
7677 12001
6200 3014
7128 5215
150993 20334
6049 4745
42298 42729
16871 2668
8959 3513
4875 3291
31533 5045
8909 20349
2668 4881
4129 5140
473196 206784
3454 6075
12868 3254
6504 165577
226409 216678
11621 11205
126628 226402
17282 5045
4129 17321
8612 6049
11298 8443
188038 205294
7106 15824
76827 28284
152213 391611
4129 6178
2668 64578
7677 2811
5670 4745
6049 139041
6200 3513
6137 6186
2668 81756
6462 19772
4131 4146
16871 17282
138395 579496
42729 6075
22731 4872
5144 41144
391609 195513
521047 58382
5144 9617
4875 5215
38935 13680
206784 210279
27731 3584
3513 2028
432438 274680
20349 33796
226409 130802
17321 4779
126252 11332
39642 6137
42298 12021
27731 8959
182646 140312
941895 373630
103206 669837
5215 117800
251175 6075
3000 5480
310419 150997
17321 5125
19772 6186
3454 65154
7677 15589
32115 40590
32100 10021
7106 3513
76761 151003
5480 64257
17795 3450
10021 42729
2668 35150
245901 341519
46834 84340
226409 81364
6058 52019
3513 85570
2811 15638
6178 7106
9959 7677
9617 216687
177587 56567
150984 3513
237092 100801
41144 11205
127775 127062
2181 5224
9773 31508
9963 7677
3513 76712
179285 207365
16871 32582
1012546 521047
7106 80483
3291 42298
19584 6498
125870 126628
17282 25657
11332 150997
19772 11298
17321 14634
5236 21948
64578 10021
341535 341519
32108 3450
64578 5125
237078 216691
5670 9617
193224 76761
5144 6462
341523 341519
41144 17321
205519 188038
222383 81419
138395 32108
27731 78834
39209 318696
25657 8753
2028 9093
4131 288945
40905 4131
7106 150993
5215 15589
6058 4131
36162 11332
10021 6058
4779 81756
125356 178285
152213 547807
237078 40916
226409 814358
4129 216666
5215 32115
19772 4745
205294 16764
64157 62663
4131 93178
377809 84340
2028 4881
3584 5236
80483 9773
5125 3450
7677 6462
4129 4779
9963 19772
10021 2181
6137 63849
17795 20334
11363 36161
5480 9773
22293 11173
3513 6065
14634 5480
274249 54109
4872 4129
12646 1124227
150984 80483
6049 37847
3513 11173
32108 3513
32100 9617
126338 84340
31564 15429
3291 6137
11621 15589
150978 8909
256378 5045
139041 11173
4881 6049
15824 4872
118011 150997
226409 5480
222375 341522
245424 5140
251175 6049
5670 80483
10021 6075
3000 109318
3014 34226
126556 36161
179285 120232
15824 12712
391609 39168
76712 40590
4131 9093
521047 9093
63986 3000
125356 226402
195513 84340
3584 3450
76761 150984
63986 111295
29749 126628
63849 4129
9963 15589
31533 3513
59091 1124227
54204 3141
222383 22293
898480 84340
6137 3454
73563 6498
2668 9773
40808 5670
3254 2028
4847 9773
7106 179285
6186 5144
102894 6462
216681 206969
341522 222383
2668 193281
3913 6049
140314 4872
222383 84340
5215 138019
182646 341523
6613 5140
76712 2668
4745 64257
216678 33229
4131 5140
102894 6058
40905 34226
63849 3513
3014 19772
81422 341534
179285 126556
5140 3454
3454 10021
3280 5224
4129 15651
40916 216687
17321 11288
31508 4129
9944 7677
9093 64578
6075 5143
6058 31564
35684 43275
341255 7106
216672 216690
78834 126556
3513 4129
4881 8959
226409 216688
127775 310423
3913 3280
1065009 9950
25821 6049
93178 3141
126556 11173
3254 3513
9944 11621
25821 5125
210278 12696
2668 5140
3254 22731
216681 216690
437481 6498
3584 9963
4131 3513
81419 341519
227182 151003
36161 20332
2668 39642
9617 11173
3000 6058
15638 4875
9617 63024
64157 152371
11621 12712
11173 5236
4872 12861
16764 4131
1012546 39210
19843 6049
26575 36158
12712 118011
29749 5236
3584 5140
7688 3513
341525 140312
432437 140312
2181 5138
32100 40835
3603 5670
3014 39642
9617 15804
2668 6504
3254 9093
112115 2668
36162 7677
5140 55790
4872 5236
3513 3584
17321 25657
3254 32115
19843 2028
4146 1124227
32100 54109
150981 150978
5140 4875
80483 8909
4131 5125
11288 3000
118011 120232
40758 81364
11298 10176
341523 147807
17795 15589
4875 3513
188038 75688
67123 11332
35684 205294
63849 9617
36158 179285
75688 3513
17321 5480
16871 32115
6137 24590
120011 3513
11363 3254
9950 441079
140314 17321
4872 17282
63215 150981
9773 136555
19772 11173
3291 5670
150998 85570
11288 2668
32108 123232
65392 32100
6058 2028
126556 3291
14634 6137
20334 33796
26575 150980
207202 140312
8443 5670
182646 81421
5138 5224
1063531 207202
5045 7677
150993 80483
178285 182646
65350 5224
63024 11205
11173 5143
84340 3454
521047 216687
11332 76761
118011 166363
8959 4745
3450 211537
237092 216687
274249 33796
4779 102894
46834 22731
140312 138395
25657 3603
102894 4131
3450 32115
3254 65345
9617 3014
80483 2668
78834 17321
2668 6058
118011 341255
