165577 6065
2181 17282
373630 941895
54109 8443
21948 11205
585768 195513
5045 38935
7677 11250
54204 40758
658094 391609
2668 7693
5480 9093
1183707 84340
4847 6049
31526 54109
210278 310423
3291 31508
341525 140312
207365 150984
5670 111925
36161 20334
377809 391610
52019 14634
2181 5045
17282 5045
5045 63986
3513 188038
39168 216666
85570 2668
2668 7106
85570 7106
213412 880026
391609 182646
123246 11298
3584 40590
222383 182646
391609 222383
8381 3291
6049 103206
5144 3513
85570 117800
7106 117800
2668 117800
11173 3291
8381 11173
6049 3513
4847 3513
5144 6049
103206 3513
22731 46834
37847 12868
130802 226409
73776 2668
150984 73871
207365 73871
235057 7677
2668 63986
5045 2668
8909 20332
216683 216678
3000 17321
140312 138395
52019 3000
17321 52019
182646 81422
222383 81422
3014 12462
31533 9617
12001 2668
5045 12001
39168 9617
81364 125870
41144 9963
63173 6058
78834 19772
207365 179285
73871 179285
6049 3254
5144 3254
103206 3254
4847 3254
3513 3254
5236 4131
120232 118011
22293 6058
19772 11221
81364 11288
12696 36158
102894 6462
237078 100801
8443 17321
3000 8443
52019 8443
35684 432437
126556 11332
40905 4129
11205 22293
138395 3513
140312 3513
11250 3513
6049 11250
7677 3513
3513 40961
3513 38935
3513 4129
3513 6178
3513 4131
3513 4146
3513 6200
3513 127062
3513 4197
3513 206969
3513 2181
3513 73871
3513 10393
3513 22731
3513 39168
3513 17795
3513 39209
3513 6462
3513 207202
3513 6504
3513 63849
3513 84340
3513 16764
3513 12696
3513 15429
3513 12712
3513 46834
3513 16871
3513 25069
3513 205294
3513 64257
3513 8753
3513 12861
3513 80483
3513 2668
3513 6770
3513 4745
3513 80523
3513 64157
3513 4779
3513 15044
3513 205519
3513 2811
3513 8959
3513 4872
3513 4875
3513 783
3513 31508
3513 31526
3513 31533
3513 152371
3513 31564
3513 17282
3513 9093
3513 27536
3513 76712
3513 17321
3513 5045
3513 3000
3513 54204
3513 7106
3513 11205
3513 3014
3513 11221
3513 37847
3513 5125
3513 56330
3513 205835
3513 5140
3513 5143
3513 11288
3513 11298
3513 25657
3513 64578
3513 11332
3513 27731
3513 5215
3513 11363
3513 27752
3513 5236
3513 120011
3513 3280
3513 3291
3513 15589
3513 56567
3513 118011
3513 206085
3513 40835
3513 15638
3513 15651
3513 19772
3513 32100
3513 5480
3513 32108
3513 126321
3513 32115
3513 3450
3513 3454
3513 9617
3513 177587
3513 61342
3513 15804
3513 150984
3513 151003
3513 11173
3513 75688
3513 3584
3513 470531
3513 7688
3513 7693
3513 3603
3513 5670
3513 9773
3513 63024
3513 85570
3513 7097
3513 10176
3513 63173
3513 9944
3513 9959
3513 42729
3513 9963
3513 12014
3513 12021
3513 22293
3513 139041
3513 10021
3513 46907
3513 65345
3513 3913
3513 40808
3513 40813
3513 118686
3513 6058
3513 6065
3513 6075
3513 206784
3513 2028
3513 6137
2668 40961
2668 38935
2668 6186
2668 4197
2668 473196
2668 5144
2668 41144
2668 22731
2668 45299
2668 8443
2668 43275
2668 17795
2668 78147
2668 35150
2668 6501
2668 6504
2668 63849
2668 123246
2668 8612
2668 46834
2668 2479
2668 16871
2668 23042
2668 64257
2668 12861
2668 12868
2668 211537
2668 80483
2668 3516
2668 5224
2668 6770
2668 64807
2668 4745
2668 64157
2668 4779
2668 8909
2668 39642
2668 103206
2668 774886
2668 4847
2668 2811
2668 8959
2668 193281
2668 4872
2668 4875
2668 783
2668 4881
2668 31508
2668 31526
2668 31533
2668 90936
2668 31564
2668 74622
2668 17282
2668 9093
2668 27536
2668 65350
2668 76712
2668 17321
2668 125870
2668 3000
2668 54204
2668 3014
2668 11221
2668 547807
2668 93178
2668 5125
2668 205835
2668 17422
2668 5138
2668 5140
2668 5143
2668 11288
2668 25657
2668 64578
2668 3141
2668 5215
2668 11363
2668 19584
2668 62628
2668 3254
2668 44229
2668 62663
2668 3280
2668 3291
2668 25821
2668 15589
2668 437481
2668 44269
2668 56567
2668 115982
2668 42298
2668 19772
2668 32100
2668 5480
2668 136555
2668 13680
2668 126321
2668 3450
2668 3454
2668 126338
2668 9617
2668 15804
2668 150984
2668 150990
2668 150993
2668 11173
2668 75688
2668 112115
2668 3584
2668 3603
2668 5670
2668 9773
2668 63024
2668 235057
2668 44601
2668 7097
2668 487000
2668 126556
2668 28284
2668 65154
2668 165577
2668 9944
2668 9959
2668 42729
2668 9963
2668 22293
2668 10021
2668 65345
2668 3913
2668 81756
2668 40808
2668 20332
2668 20334
2668 46991
2668 6049
2668 6058
2668 6065
2668 6075
2668 73699
2668 2028
2668 6137
6049 40970
6049 38935
6049 4129
6049 6178
6049 4131
6049 6186
6049 6200
6049 2181
6049 22731
6049 8443
6049 81968
6049 39209
6049 6462
6049 6504
6049 84340
6049 16764
6049 15429
6049 8612
6049 46834
6049 16871
6049 64257
6049 12861
6049 12868
6049 6770
6049 4745
6049 4779
6049 15044
6049 8909
6049 39642
6049 2811
6049 8959
6049 4872
6049 4875
6049 783
6049 4881
6049 31508
6049 31526
6049 31533
6049 521047
6049 17282
6049 9093
6049 66446
6049 27536
6049 76712
6049 125870
6049 5045
6049 11205
6049 3014
6049 11221
6049 37847
6049 7128
6049 5125
6049 5138
6049 5140
6049 11288
6049 11298
6049 25657
6049 3141
6049 5215
6049 11363
6049 226409
6049 5236
6049 19578
6049 62663
6049 3291
6049 25821
6049 40835
6049 15638
6049 251175
6049 42298
6049 36158
6049 36161
6049 32100
6049 5480
6049 32115
6049 3450
6049 3454
6049 19843
6049 9617
6049 15824
6049 11173
6049 7677
6049 3584
6049 3603
6049 237078
6049 5670
6049 9773
6049 63024
6049 7097
6049 216672
6049 216681
6049 216691
6049 102894
6049 28284
6049 40590
6049 126628
6049 69578
6049 9944
6049 9950
6049 9959
6049 42729
6049 9963
6049 30466
6049 139041
6049 65345
6049 3913
6049 40808
6049 46991
6049 6058
6049 26541
6049 26575
6049 40916
6049 73699
6049 2028
5045 40970
5045 4129
5045 6178
5045 4131
5045 6186
5045 73776
5045 6200
5045 108679
5045 73871
5045 5144
5045 22731
5045 39168
5045 17795
5045 6462
5045 84340
5045 256378
5045 16764
5045 15429
5045 33229
5045 20950
5045 16871
5045 64257
5045 12868
5045 6770
5045 4745
5045 80523
5045 72241
5045 4779
5045 15044
5045 103206
5045 2811
5045 4872
5045 4875
5045 4881
5045 31508
5045 31526
5045 31533
5045 90936
5045 31564
5045 54139
5045 74622
5045 9093
5045 76712
5045 17321
5045 3000
5045 9145
5045 7106
5045 11205
5045 3014
5045 11221
5045 7128
5045 5125
5045 5138
5045 5140
5045 5143
5045 11288
5045 11298
5045 25657
5045 64578
5045 27731
5045 5215
5045 11363
5045 3254
5045 62663
5045 120011
5045 3280
5045 3291
5045 25821
5045 15589
5045 206085
5045 15638
5045 42295
5045 42298
5045 5480
5045 32108
5045 13680
5045 32115
5045 3450
5045 3454
5045 126338
5045 9617
5045 15804
5045 15824
5045 11173
5045 7677
5045 3584
5045 7693
5045 3603
5045 237078
5045 9773
5045 60975
5045 216666
5045 65154
5045 40590
5045 69578
5045 9944
5045 9950
5045 9959
5045 9963
5045 10021
5045 32582
5045 3913
5045 81756
5045 65392
5045 63376
5045 6058
5045 6075
5045 40905
5045 40916
5045 2028
3291 40970
3291 4129
3291 6178
3291 4131
3291 6186
3291 4146
3291 6200
3291 6498
3291 58382
3291 2181
3291 5144
3291 10393
3291 12462
3291 55790
3291 22731
3291 8443
3291 39168
3291 6462
3291 6504
3291 63849
3291 15429
3291 33229
3291 20950
3291 16871
3291 25069
3291 12861
3291 12868
3291 80483
3291 5224
3291 64807
3291 4745
3291 80523
3291 4779
3291 15044
3291 8909
3291 103206
3291 168691
3291 2811
3291 8959
3291 4872
3291 4875
3291 783
3291 4881
3291 31526
3291 31533
3291 31564
3291 54139
3291 17282
3291 9093
3291 17321
3291 9145
3291 11205
3291 3014
3291 11221
3291 7128
3291 5125
3291 17422
3291 5138
3291 5140
3291 11288
3291 29749
3291 25657
3291 64578
3291 3141
3291 5215
3291 11363
3291 27752
3291 5236
3291 19578
3291 19584
3291 62628
3291 3254
3291 62663
3291 120011
3291 25821
3291 15589
3291 44269
3291 40835
3291 15638
3291 42298
3291 5480
3291 32108
3291 126321
3291 32115
3291 3450
3291 3454
3291 126338
3291 9617
3291 15804
3291 15824
3291 151003
3291 7677
3291 3584
3291 7688
3291 7693
3291 3603
3291 237078
3291 5670
3291 9773
3291 63024
3291 149045
3291 44601
3291 7097
3291 126556
3291 102894
3291 28284
3291 40590
3291 63173
3291 165577
3291 9944
3291 9950
3291 12001
3291 120573
3291 10021
3291 32582
3291 3913
3291 40808
3291 6058
3291 26541
3291 6065
3291 6075
3291 11250
3291 26575
3291 40916
3291 2028
3291 6137
3254 4129
3254 4131
3254 6200
3254 2181
3254 41144
3254 22731
3254 45299
3254 17795
3254 6504
3254 15429
3254 12868
3254 80483
3254 15044
3254 8959
3254 4872
3254 4875
3254 783
3254 138019
3254 31526
3254 31533
3254 31564
3254 17282
3254 9093
3254 76712
3254 17321
3254 3000
3254 11205
3254 3014
3254 11221
3254 5125
3254 11298
3254 25657
3254 64578
3254 11332
3254 3141
3254 5215
3254 11363
3254 62628
3254 15589
3254 5480
3254 32115
3254 3454
3254 9617
3254 15804
3254 11173
3254 3584
3254 5670
3254 9773
3254 44601
3254 65154
3254 40590
3254 9963
3254 22293
3254 10021
3254 65345
3254 3913
3254 40808
3254 6058
3254 6075
3254 2028
3254 6137
17321 4129
17321 6178
17321 4131
17321 6200
17321 58382
17321 229481
17321 2181
17321 41144
17321 14634
17321 123246
17321 84340
17321 15429
17321 8612
17321 46834
17321 16871
17321 25069
17321 63986
17321 64257
17321 5224
17321 4745
17321 4779
17321 1369545
17321 103206
17321 4847
17321 8959
17321 138019
17321 31526
17321 31533
17321 54139
17321 17282
17321 9093
17321 65350
17321 76712
17321 9145
17321 78834
17321 5125
17321 5140
17321 11288
17321 140314
17321 11298
17321 25657
17321 64578
17321 3141
17321 5215
17321 11363
17321 265393
17321 44269
17321 206085
17321 40835
17321 251175
17321 19772
17321 32100
17321 5480
17321 3450
17321 3454
17321 9617
17321 7693
17321 5670
17321 9773
17321 7097
17321 126628
17321 9950
17321 9959
17321 9963
17321 10021
17321 65345
17321 118686
17321 40916
9617 40961
9617 4129
9617 4131
9617 4146
9617 6200
9617 58382
9617 2181
9617 5144
9617 200868
9617 440550
9617 43275
9617 6462
9617 6504
9617 63849
9617 84340
9617 182646
9617 15429
9617 33229
9617 117304
9617 5224
9617 178285
9617 103206
9617 4847
9617 168691
9617 441079
9617 2811
9617 8959
9617 4875
9617 31508
9617 31526
9617 152371
9617 1012546
9617 17282
9617 9093
9617 76712
9617 3000
9617 11205
9617 3014
9617 140312
9617 5125
9617 11288
9617 76827
9617 11298
9617 25657
9617 11332
9617 5215
9617 11363
9617 19584
9617 265393
9617 3280
9617 15589
9617 118011
9617 40835
9617 15638
9617 19772
9617 32100
9617 210279
9617 5480
9617 32108
9617 13680
9617 126321
9617 32115
9617 3450
9617 3454
9617 19843
9617 15804
9617 15824
9617 150998
9617 11173
9617 237078
9617 5670
9617 9773
9617 63024
9617 216678
9617 216687
9617 216690
9617 216691
9617 10176
9617 9950
9617 9959
9617 9963
9617 139041
9617 10021
9617 40758
9617 65345
9617 3913
9617 40808
9617 40813
9617 63376
9617 6058
9617 6075
9617 206784
9617 40916
9617 2028
9617 20479
31526 6178
31526 4131
31526 2181
31526 22731
31526 15044
31526 4847
31526 8959
31526 4875
31526 138019
31526 31564
31526 5140
31526 3141
31526 19578
31526 3280
31526 19772
31526 3454
31526 3584
31526 470531
31526 5670
31526 102894
31526 22293
31526 139041
31526 6058
6058 4129
6058 4131
6058 6186
6058 6200
6058 325741
6058 2181
6058 12462
6058 41144
6058 22731
6058 12696
6058 8959
6058 109318
6058 4875
6058 4881
6058 31508
6058 31564
6058 17282
6058 9093
6058 3000
6058 93178
6058 5125
6058 5138
6058 11298
6058 64578
6058 3141
6058 310419
6058 62628
6058 15589
6058 251175
6058 3450
6058 3454
6058 15804
6058 11173
6058 7677
6058 3584
6058 5670
6058 9773
6058 52019
6058 102894
6058 10021
6058 46991
6058 579496
6058 85931
6058 2028
6058 6137
17282 4129
17282 4131
17282 84340
17282 16871
17282 5224
17282 4745
17282 4872
17282 4875
17282 33548
17282 31508
17282 31533
17282 54139
17282 25657
17282 3141
17282 5215
17282 15589
17282 115982
17282 15638
17282 251175
17282 13680
17282 3454
17282 15804
17282 7677
17282 3584
17282 7693
17282 5670
17282 9773
17282 9944
17282 6075
5670 40970
5670 4129
5670 4131
5670 6186
5670 6498
5670 2181
5670 5144
5670 22731
5670 45299
5670 8443
5670 6504
5670 63849
5670 15429
5670 8612
5670 12712
5670 16871
5670 64257
5670 80483
5670 6770
5670 64807
5670 4745
5670 64157
5670 15044
5670 8909
5670 39642
5670 103206
5670 4847
5670 2811
5670 8959
5670 4872
5670 4875
5670 4881
5670 31508
5670 31533
5670 31564
5670 9093
5670 76712
5670 274249
5670 3000
5670 9145
5670 54204
5670 11205
5670 3014
5670 37847
5670 5125
5670 5138
5670 5140
5670 25657
5670 64578
5670 3141
5670 5215
5670 11363
5670 62628
5670 3280
5670 25821
5670 15651
5670 251175
5670 19772
5670 5480
5670 126321
5670 3450
5670 3454
5670 19843
5670 15804
5670 11173
5670 3584
5670 7693
5670 3603
5670 9773
5670 67123
5670 52019
5670 22114
5670 102894
5670 65154
5670 42729
5670 24315
5670 22293
5670 10021
5670 65340
5670 3913
5670 40808
5670 65392
5670 46991
5670 6065
5670 6075
5670 6137
4131 40970
4131 38935
4131 4129
4131 6178
4131 73776
4131 4146
4131 6200
4131 2181
4131 108679
4131 5144
4131 288945
4131 354546
4131 45299
4131 8443
4131 39168
4131 6462
4131 6504
4131 84340
4131 16764
4131 12712
4131 33229
4131 20950
4131 16871
4131 63986
4131 64257
4131 5224
4131 113270
4131 4745
4131 80523
4131 15044
4131 103206
4131 2811
4131 8959
4131 193281
4131 4872
4131 783
4131 4881
4131 31508
4131 31533
4131 31564
4131 54139
4131 9093
4131 66446
4131 27536
4131 274249
4131 9145
4131 7106
4131 11205
4131 3014
4131 7128
4131 93178
4131 5125
4131 5138
4131 5140
4131 5143
4131 11298
4131 25657
4131 64578
4131 3141
4131 27731
4131 5215
4131 11363
4131 138395
4131 62663
4131 120011
4131 25821
4131 15589
4131 40835
4131 15638
4131 15651
4131 42295
4131 19772
4131 32100
4131 5480
4131 32108
4131 13680
4131 32115
4131 3450
4131 3454
4131 34226
4131 15824
4131 11173
4131 7677
4131 3584
4131 3603
4131 237078
4131 9773
4131 7097
4131 52019
4131 216666
4131 126556
4131 102894
4131 40590
4131 69578
4131 9944
4131 9950
4131 12001
4131 9963
4131 22293
4131 10021
4131 40758
4131 3913
4131 53091
4131 63376
4131 26541
4131 6075
4131 40905
4131 40916
4131 73699
4131 2028
3454 4129
3454 6200
3454 6498
3454 2181
3454 5144
3454 10393
3454 12462
3454 22731
3454 8443
3454 14634
3454 6462
3454 84340
3454 12696
3454 15429
3454 8612
3454 6613
3454 16871
3454 64257
3454 12868
3454 5224
3454 72241
3454 15044
3454 2811
3454 4872
3454 4875
3454 783
3454 4881
3454 31508
3454 31533
3454 31564
3454 54139
3454 65350
3454 3000
3454 3014
3454 7128
3454 5125
3454 5140
3454 191532
3454 25657
3454 64578
3454 3141
3454 27731
3454 5215
3454 27752
3454 19578
3454 19584
3454 62628
3454 44269
3454 15638
3454 126321
3454 3450
3454 126338
3454 15804
3454 7677
3454 3584
3454 3603
3454 9773
3454 52019
3454 126556
3454 102894
3454 65154
3454 21948
3454 9944
3454 9963
3454 10021
3454 65345
3454 32582
3454 40808
3454 65392
3454 85931
3454 6075
3454 2028
3454 6137
9773 6178
9773 6200
9773 58382
9773 12462
9773 41144
9773 8443
9773 14634
9773 84340
9773 8612
9773 14819
9773 16871
9773 25069
9773 23042
9773 64257
9773 80483
9773 103206
9773 4847
9773 2811
9773 8959
9773 193281
9773 4881
9773 31508
9773 127775
9773 90936
9773 54109
9773 66446
9773 65350
9773 3000
9773 9145
9773 78834
9773 93178
9773 5125
9773 56330
9773 11288
9773 11298
9773 25657
9773 5215
9773 15589
9773 44269
9773 15651
9773 42295
9773 19772
9773 36161
9773 36165
9773 140623
9773 32100
9773 5480
9773 136555
9773 13680
9773 150981
9773 3584
9773 7693
9773 52019
9773 10176
9773 40590
9773 63173
9773 9944
9773 9950
9773 9959
9773 12014
9773 61169
9773 10021
9773 46991
9773 85931
9773 2028
3584 40970
3584 4129
3584 6200
3584 229481
3584 2181
3584 108679
3584 5144
3584 41144
3584 22731
3584 8443
3584 17795
3584 6462
3584 12696
3584 46834
3584 20950
3584 16871
3584 64257
3584 8753
3584 12868
3584 6770
3584 80523
3584 15044
3584 8909
3584 103206
3584 4847
3584 2811
3584 8959
3584 109318
3584 4872
3584 4881
3584 31508
3584 31533
3584 9093
3584 3000
3584 11205
3584 3014
3584 5125
3584 5138
3584 5140
3584 25657
3584 3141
3584 27731
3584 5215
3584 11363
3584 5236
3584 19584
3584 120011
3584 15589
3584 115982
3584 40835
3584 15651
3584 19772
3584 11621
3584 5480
3584 32108
3584 13680
3584 32115
3584 3450
3584 19843
3584 11173
3584 7677
3584 3603
3584 52019
3584 65154
3584 71313
3584 63173
3584 9963
3584 22293
3584 139041
3584 10021
3584 26541
3584 6075
3584 73699
3584 2028
3584 6137
25657 6178
25657 6200
25657 2181
25657 5144
25657 10393
25657 39168
25657 17795
25657 12696
25657 64257
25657 8753
25657 2811
25657 4875
25657 31564
25657 9093
25657 9145
25657 3014
25657 5125
25657 3141
25657 5215
25657 15589
25657 15651
25657 11621
25657 5480
25657 7677
25657 7693
25657 3603
25657 7097
25657 40590
25657 22293
25657 10021
25657 40916
25657 2028
5215 38935
5215 4129
5215 6178
5215 6200
5215 6498
5215 4197
5215 2181
5215 5144
5215 10393
5215 8443
5215 6462
5215 16871
5215 5224
5215 4745
5215 4847
5215 2811
5215 4872
5215 4875
5215 4881
5215 31508
5215 138019
5215 31533
5215 3000
5215 11205
5215 7128
5215 93178
5215 5125
5215 5143
5215 11298
5215 117800
5215 64578
5215 3141
5215 27731
5215 19584
5215 15589
5215 19772
5215 32115
5215 3450
5215 11173
5215 112115
5215 3603
5215 7097
5215 52019
5215 40590
5215 22293
5215 10021
5215 46907
5215 65392
5215 26541
5215 6075
5215 2028
5215 6137
5125 38935
5125 4129
5125 6178
5125 4146
5125 6498
5125 2181
5125 108679
5125 10393
5125 55790
5125 22731
5125 39209
5125 6462
5125 35150
5125 15429
5125 16871
5125 5224
5125 64807
5125 64157
5125 15044
5125 103206
5125 2811
5125 8959
5125 4872
5125 4875
5125 783
5125 31508
5125 138019
5125 31533
5125 31564
5125 54139
5125 65350
5125 3000
5125 11205
5125 3014
5125 93178
5125 5138
5125 5140
5125 5143
5125 64578
5125 3141
5125 11363
5125 62628
5125 3280
5125 25821
5125 15638
5125 19772
5125 32115
5125 3450
5125 15804
5125 7677
5125 3603
5125 52019
5125 9944
5125 9963
5125 10021
5125 73563
5125 40808
5125 26541
5125 6075
5125 6137
2181 4129
2181 6178
2181 6186
2181 6200
2181 41144
2181 55790
2181 22731
2181 14634
2181 84340
2181 15429
2181 8612
2181 2479
2181 16871
2181 64257
2181 8753
2181 80483
2181 5224
2181 15044
2181 4847
2181 2811
2181 8959
2181 4872
2181 4875
2181 33548
2181 4881
2181 31508
2181 31533
2181 31564
2181 54139
2181 3000
2181 11221
2181 5138
2181 5140
2181 5143
2181 140314
2181 64578
2181 62628
2181 3280
2181 15589
2181 126321
2181 32115
2181 15804
2181 7677
2181 7693
2181 126556
2181 245424
2181 9963
2181 22293
2181 139041
2181 10021
2181 40808
2181 6075
2181 2028
10021 6178
10021 6186
10021 6498
10021 5144
10021 10393
10021 17795
10021 6462
10021 15429
10021 5224
10021 15044
10021 9093
10021 11205
10021 7128
10021 93178
10021 5140
10021 5143
10021 64578
10021 3141
10021 11363
10021 259193
10021 115982
10021 32100
10021 3603
10021 9944
10021 42729
10021 40808
10021 6075
4129 40970
4129 38935
4129 6178
4129 6186
4129 73776
4129 6200
4129 4197
4129 73871
4129 5144
4129 22731
4129 17795
4129 6462
4129 78147
4129 63849
4129 84340
4129 256378
4129 15429
4129 33229
4129 16871
4129 63986
4129 64257
4129 12868
4129 5224
4129 4745
4129 80523
4129 72241
4129 4779
4129 658095
4129 2811
4129 8959
4129 4872
4129 33548
4129 4881
4129 31508
4129 31533
4129 31564
4129 54139
4129 9093
4129 76712
4129 3000
4129 9145
4129 7106
4129 11205
4129 3014
4129 11221
4129 93178
4129 5138
4129 5140
4129 5143
4129 11298
4129 64578
4129 3141
4129 138395
4129 62663
4129 120011
4129 3280
4129 25821
4129 15589
4129 15638
4129 15651
4129 111925
4129 42295
4129 19772
4129 36162
4129 5480
4129 32108
4129 13680
4129 126321
4129 32115
4129 3450
4129 126338
4129 15824
4129 11173
4129 7677
4129 7693
4129 3603
4129 237078
4129 60975
4129 63024
4129 216666
4129 65154
4129 40590
4129 69578
4129 9944
4129 12001
4129 9963
4129 134893
4129 22293
4129 3913
4129 65392
4129 46991
4129 63376
4129 26541
4129 40916
4129 2028
4129 6137
31533 6178
31533 5144
31533 84340
31533 64257
31533 4745
31533 4779
31533 2811
31533 8959
31533 4875
31533 3000
31533 11205
31533 62663
31533 19772
31533 52019
31533 65154
31533 21948
31533 139041
31533 26541
31533 6137
3000 6186
3000 4146
3000 22731
3000 45299
3000 78147
3000 8612
3000 63986
3000 64257
3000 205519
3000 8959
3000 109318
3000 4875
3000 76712
3000 3014
3000 11288
3000 3141
3000 19584
3000 40835
3000 19772
3000 5480
3000 32115
3000 3450
3000 19843
3000 126556
3000 22114
3000 65340
3000 3913
3000 46991
3000 6075
3000 2028
3000 6137
8959 6178
8959 6186
8959 6200
8959 325741
8959 5144
8959 22731
8959 78147
8959 8612
8959 5224
8959 4745
8959 4779
8959 15044
8959 4875
8959 4881
8959 31564
8959 54109
8959 9145
8959 7106
8959 11221
8959 93178
8959 220672
8959 103454
8959 11298
8959 3141
8959 27731
8959 3280
8959 56567
8959 19772
8959 3450
8959 19843
8959 15804
8959 11173
8959 75688
8959 63024
8959 65154
8959 491180
8959 69578
8959 9959
8959 9963
8959 22293
8959 46907
8959 65340
8959 3913
8959 6075
8959 2028
4875 6186
4875 5144
4875 55790
4875 22731
4875 84340
4875 15429
4875 64257
4875 4779
4875 15044
4875 4847
4875 4872
4875 4881
4875 31508
4875 31564
4875 9093
4875 11205
4875 7128
4875 93178
4875 5138
4875 5140
4875 3141
4875 3280
4875 15638
4875 5480
4875 15804
4875 11173
4875 112115
4875 7677
4875 52019
4875 22293
4875 6075
4875 2028
4875 6137
3141 40961
3141 38935
3141 6200
3141 5144
3141 22731
3141 6462
3141 35150
3141 6504
3141 12696
3141 15429
3141 12712
3141 6613
3141 61960
3141 3516
3141 6770
3141 15044
3141 103206
3141 4872
3141 783
3141 4881
3141 9093
3141 66446
3141 76712
3141 54204
3141 11205
3141 78834
3141 93178
3141 5140
3141 91171
3141 11332
3141 120011
3141 15589
3141 118011
3141 115982
3141 19772
3141 36162
3141 32100
3141 11621
3141 32108
3141 32115
3141 3450
3141 15824
3141 11173
3141 7693
3141 235057
3141 65154
3141 9950
3141 9959
3141 130802
3141 40758
3141 3913
3141 40808
3141 6075
3141 26570
3141 26575
3141 2028
2028 40970
2028 6178
2028 6186
2028 73776
2028 4197
2028 5144
2028 10393
2028 41144
2028 55790
2028 17795
2028 63849
2028 4745
2028 15044
2028 8909
2028 4881
2028 31508
2028 90936
2028 31564
2028 54109
2028 9093
2028 7106
2028 11205
2028 3014
2028 93178
2028 5138
2028 5140
2028 62628
2028 3280
2028 25821
2028 15589
2028 19772
2028 13680
2028 32115
2028 3450
2028 19843
2028 5509
2028 11173
2028 3603
2028 7097
2028 52019
2028 9963
2028 134893
2028 22293
2028 3913
2028 6137
5144 6186
5144 6200
5144 10393
5144 41144
5144 45299
5144 6462
5144 84340
5144 16871
5144 64257
5144 5224
5144 4745
5144 4847
5144 138019
5144 31564
5144 9093
5144 5140
5144 5143
5144 62628
5144 25821
5144 15651
5144 111925
5144 126321
5144 32115
5144 7677
5144 3603
5144 40590
5144 71313
5144 165577
5144 22293
5144 32582
5144 65392
5144 26541
5144 6137
9093 55790
9093 22731
9093 14634
9093 63849
9093 20921
9093 15044
9093 4847
9093 31508
9093 31564
9093 521047
9093 11205
9093 93178
9093 205835
9093 117800
9093 64578
9093 11363
9093 27752
9093 15589
9093 40835
9093 19772
9093 13680
9093 32115
9093 3450
9093 15804
9093 81364
9093 11173
9093 42729
9093 9963
9093 139041
9093 46907
9093 3913
9093 46991
9093 73699
9093 6137
31508 6186
31508 45299
31508 8612
31508 46834
31508 211537
31508 15044
31508 2811
31508 62628
31508 15589
31508 32108
31508 102894
31508 6075
22731 55790
22731 10570
22731 84340
22731 12696
22731 15429
22731 5224
22731 15044
22731 4847
22731 2811
22731 4872
22731 54139
22731 93178
22731 5140
22731 5143
22731 5480
22731 11173
22731 7677
22731 126556
22731 65154
22731 22293
22731 3913
22731 6075
6075 6200
6075 10393
6075 55790
6075 84340
6075 15429
6075 46834
6075 20921
6075 16871
6075 5224
6075 15044
6075 4847
6075 783
6075 31564
6075 5140
6075 5143
6075 3280
6075 15589
6075 15638
6075 15651
6075 251175
6075 32115
6075 3450
6075 15804
6075 3603
6075 7097
6075 40590
6075 9944
6075 42729
6075 9963
15044 38935
15044 10393
15044 55790
15044 6462
15044 84340
15044 15429
15044 16871
15044 5224
15044 64157
15044 4779
15044 4847
15044 4872
15044 138019
15044 31564
15044 5140
15044 62628
15044 62663
15044 3280
15044 15589
15044 19772
15044 32100
15044 15804
15044 11173
15044 7677
15044 7693
15044 102894
15044 40808
5140 6200
5140 10393
5140 55790
5140 8443
5140 6462
5140 84340
5140 6613
5140 16871
5140 4847
5140 2811
5140 4872
5140 138019
5140 31564
5140 11205
5140 7128
5140 5143
5140 25821
5140 15589
5140 15804
5140 11173
5140 7677
5140 7693
5140 7097
5140 245424
5140 21948
5140 26541
5140 40905
31564 38935
31564 6186
31564 15429
31564 20950
31564 4847
31564 4872
31564 54139
31564 11205
31564 102894
15589 6178
15589 6186
15589 4197
15589 45299
15589 17795
15589 12696
15589 15429
15589 16871
15589 25069
15589 2811
15589 11205
15589 3014
15589 478205
15589 3280
15589 25821
15589 40835
15589 15638
15589 42295
15589 32100
15589 11621
15589 32115
15589 3450
15589 11173
15589 7677
15589 3603
15589 102894
15589 42729
15589 9963
15589 22293
15589 40808
15589 26541
11205 40961
11205 6178
11205 10393
11205 41144
11205 84340
11205 8612
11205 16871
11205 64257
11205 8753
11205 80483
11205 5224
11205 4745
11205 193281
11205 4881
11205 138019
11205 9145
11205 93178
11205 220672
11205 19772
11205 11621
11205 32115
11205 19843
11205 112115
11205 7693
11205 63024
11205 102894
11205 120573
11205 139041
11205 32582
11205 85931
11205 26541
11205 73699
11173 38935
11173 6178
11173 10393
11173 84340
11173 6613
11173 12861
11173 12868
11173 5224
11173 4779
11173 4847
11173 4872
11173 54139
11173 11221
11173 5138
11173 5143
11173 140314
11173 5236
11173 62628
11173 62663
11173 19772
11173 15804
11173 112115
11173 7677
11173 7693
11173 44601
11173 126556
11173 28284
11173 126628
11173 21948
11173 12021
11173 120573
11173 22293
11173 139041
11173 6065
11173 6137
19772 40970
19772 6186
19772 4146
19772 10393
19772 8381
19772 8443
19772 6462
19772 10570
19772 15429
19772 16871
19772 63986
19772 117304
19772 4745
19772 4779
19772 2811
19772 76712
19772 3014
19772 37847
19772 5138
19772 11298
19772 64578
19772 11363
19772 19578
19772 3280
19772 32115
19772 150984
19772 102894
19772 10176
19772 65154
19772 63173
19772 42729
19772 9963
19772 40758
19772 3913
19772 6137
16871 6200
16871 6498
16871 10393
16871 8443
16871 14634
16871 6462
16871 84340
16871 64257
16871 5224
16871 2811
16871 7128
16871 64578
16871 3280
16871 25821
16871 15638
16871 251175
16871 32115
16871 112115
16871 7677
16871 7097
16871 9944
16871 32582
16871 26541
7677 38935
7677 73871
7677 354546
7677 45299
7677 6462
7677 6504
7677 12696
7677 25069
7677 80483
7677 64157
7677 4779
7677 103206
7677 4847
7677 2811
7677 4872
7677 127893
7677 547766
7677 9145
7677 54204
7677 37847
7677 5138
7677 5143
7677 11288
7677 27731
7677 11363
7677 19584
7677 44229
7677 62663
7677 25821
7677 40835
7677 15638
7677 15651
7677 36158
7677 36162
7677 11621
7677 210278
7677 32108
7677 13680
7677 3450
7677 339341
7677 15804
7677 15824
7677 151003
7677 112115
7677 7688
7677 63024
7677 44601
7677 7097
7677 52019
7677 65154
7677 40590
7677 491180
7677 69578
7677 9944
7677 9950
7677 12001
7677 9959
7677 9963
7677 12014
7677 12021
7677 24315
7677 22293
7677 53091
7677 85931
7677 6065
2811 6178
2811 108679
2811 10393
2811 41144
2811 39168
2811 5224
2811 658099
2811 54139
2811 15638
2811 3450
2811 3603
2811 126556
2811 165577
2811 22293
2811 40808
2811 6065
3450 4146
3450 6200
3450 10393
3450 17795
3450 6462
3450 12696
3450 20921
3450 64257
3450 211537
3450 64807
3450 64157
3450 103206
3450 783
3450 138019
3450 27536
3450 3014
3450 5143
3450 117800
3450 191532
3450 25821
3450 40835
3450 5480
3450 32108
3450 32115
3450 339341
3450 34226
3450 15804
3450 3603
3450 52019
3450 22114
3450 40590
3450 9963
3450 22293
3450 65340
3450 85931
3450 48882
32115 4197
32115 17795
32115 84340
32115 64257
32115 4745
32115 4872
32115 220672
32115 62628
32115 15638
32115 111925
32115 5480
32115 40590
32115 42729
32115 22293
32115 65345
22293 17795
22293 64257
22293 5224
22293 4745
22293 109318
22293 9145
22293 222383
22293 52019
22293 3913
22293 46991
22293 6137
4872 38935
4872 8443
4872 84340
4872 6613
4872 12861
4872 12868
4872 80483
4872 4779
4872 4847
4872 4881
4872 138019
4872 11221
4872 37847
4872 5138
4872 140314
4872 5236
4872 44269
4872 36162
4872 15824
4872 102894
4872 10176
4872 446234
4872 40813
4872 6065
84340 585768
84340 6186
84340 58382
84340 206969
84340 45299
84340 39168
84340 6462
84340 147807
84340 63849
84340 182646
84340 16764
84340 46834
84340 20921
84340 637370
84340 391611
84340 637371
84340 33229
84340 63986
84340 54015
84340 391609
84340 623192
84340 623193
84340 391610
84340 1063530
84340 178285
84340 637598
84340 658094
84340 658095
84340 658098
84340 658099
84340 193224
84340 23347
84340 39642
84340 138019
84340 23339
84340 90936
84340 521047
84340 74622
84340 125870
84340 377809
84340 37847
84340 547807
84340 140312
84340 205835
84340 81421
84340 226409
84340 341523
84340 433291
84340 222375
84340 222383
84340 318696
84340 373630
84340 5480
84340 126338
84340 898480
84340 81422
84340 341519
84340 341522
84340 341525
84340 341527
84340 341529
84340 235057
84340 814358
84340 188038
84340 9950
84340 130802
84340 941895
84340 73563
84340 53091
84340 152213
84340 195513
84340 11250
84340 1183702
84340 1173498
6200 17795
6200 64257
6200 8753
6200 4881
6200 138019
6200 9145
6200 3014
6200 5143
6200 15638
6200 15651
6200 5480
6200 3603
6200 52019
6200 40590
6200 21948
6200 42729
6200 40808
64257 5224
64257 4745
64257 4847
64257 11298
64257 42298
64257 5480
64257 13680
64257 15804
64257 52019
64257 42729
64257 6137
4847 55790
4847 5143
4847 19578
4847 7693
4847 102894
5480 8443
5480 43275
5480 17795
5480 14634
5480 207202
5480 16764
5480 61960
5480 8753
5480 211537
5480 64157
5480 39642
5480 74622
5480 9145
5480 3014
5480 93178
5480 478205
5480 205835
5480 11298
5480 64578
5480 226409
5480 265393
5480 40835
5480 32100
5480 32108
5480 13680
5480 75688
5480 3603
5480 235057
5480 10176
5480 40590
5480 9950
5480 24315
5480 85931
5480 40916
5480 1173498
5480 20479
5224 40970
5224 6186
5224 108679
5224 10393
5224 6462
5224 15429
5224 783
5224 65350
5224 7128
5224 5138
5224 11363
5224 3280
5224 15804
5224 44601
5224 9963
5224 3913
5224 6065
15804 6498
15804 15429
15804 64807
15804 103206
15804 93178
15804 5143
15804 27731
15804 3603
15804 7097
15804 9963
15804 6065
9963 43275
9963 17795
9963 14634
9963 123246
9963 12696
9963 15429
9963 23042
9963 127775
9963 138019
9963 90936
9963 76712
9963 56330
9963 64578
9963 11363
9963 3280
9963 15651
9963 136555
9963 15824
9963 245424
9963 11250
9963 6137
15429 6186
15429 17795
15429 4745
15429 138019
15429 63024
15429 7097
6462 6498
6462 10393
6462 55790
6462 8381
6462 45299
6462 14634
6462 3516
6462 54204
6462 7128
6462 25821
6462 7693
6462 60975
6462 65392
3603 108679
3603 354546
3603 14634
3603 6504
3603 103206
3603 3014
3603 11363
3603 19843
3603 52019
3603 9944
3603 65392
3014 4146
3014 8443
3014 23042
3014 61960
3014 80483
3014 39642
3014 103206
3014 76712
3014 54204
3014 191532
3014 44229
3014 56567
3014 34226
3014 7693
3014 52019
3014 22114
3014 10176
3014 9944
3014 65340
52019 325741
52019 63173
52019 3913
52019 85931
6137 24590
6137 6186
6137 14634
6137 432437
6137 78147
6137 63849
6137 46834
6137 20950
6137 39642
6137 74622
6137 9145
6137 210278
6137 42729
6137 65345
6137 3913
6137 46991
6137 6065
6186 41144
6186 354546
6186 138019
6186 220672
6186 27731
6186 62628
6186 139041
6186 32582
6178 73776
6178 4146
6178 108679
6178 10393
6178 6504
6178 20950
6178 7106
6178 11221
6178 120011
6178 15638
6178 13680
6178 69578
6178 26541
10393 6498
10393 6504
10393 6613
10393 783
10393 5138
10393 5143
10393 62628
10393 15638
10393 339341
4745 40970
4745 4197
4745 9145
4745 3280
4745 136555
4745 19843
4745 5509
4745 3913
3913 6498
3913 12712
3913 220672
3913 27731
3913 3280
3280 10570
3280 64578
3280 778175
64578 17795
64578 63849
64578 176713
64578 62628
64578 19843
64578 10176
64578 42729
15638 108679
15638 8443
15638 6504
15638 65350
8443 65350
8443 56330
8443 11298
8443 117800
8443 11332
8443 11363
8443 27752
8443 9944
8443 9959
11363 73871
11363 45299
11363 63849
11363 46834
11363 25069
11363 207365
11363 8753
11363 12861
11363 80483
11363 64157
11363 8909
11363 103206
11363 439761
11363 783
11363 76712
11363 274249
11363 9145
11363 7106
11363 76761
11363 5143
11363 11288
11363 11298
11363 117800
11363 27731
11363 115982
11363 126252
11363 111925
11363 36161
11363 666971
11363 150981
11363 150984
11363 150990
11363 15824
11363 150998
11363 151003
11363 62964
11363 85570
11363 126556
11363 10176
11363 145010
11363 69578
11363 63173
11363 9944
11363 12001
11363 12021
11363 139041
11363 778175
11363 11250
5143 5138
5143 13680
5143 7693
5143 165577
5143 9944
103206 669837
103206 123232
103206 8612
103206 441079
103206 783
103206 138019
103206 54109
103206 54204
103206 11298
103206 117800
103206 32100
103206 32108
103206 13680
103206 7693
103206 40590
103206 9950
103206 12014
103206 65392
7693 20950
7693 33548
7693 783
7693 27536
7693 5138
7693 11332
7693 40835
7693 32108
7693 126321
7693 149045
7693 40590
7693 165577
7693 9950
7693 139041
7693 6065
5138 38935
5138 6613
5138 12861
5138 12868
5138 4779
5138 11221
5138 37847
5138 76827
5138 5236
5138 36162
5138 44601
5138 7097
5138 28284
5138 126628
5138 63376
9944 6504
9944 6613
9944 54139
9944 11298
9944 117800
9944 36162
9944 11621
9944 13680
9944 10176
9944 145010
9944 6065
11298 354546
11298 8612
11298 238077
11298 23042
11298 61960
11298 211537
11298 783
11298 76712
11298 93178
11298 56330
11298 11288
11298 42298
11298 10176
11298 9959
11298 778175
11298 11250
4881 17795
4881 61169
40590 108679
40590 41144
40590 138019
40590 27536
40590 76712
40590 19578
40590 40835
40590 32108
40590 69578
40590 9950
17795 3516
17795 220672
17795 27731
17795 15824
17795 20334
138019 40970
138019 40835
138019 40808
93178 54139
93178 11288
93178 56567
93178 13680
13680 38935
13680 6504
13680 3516
13680 4779
13680 32100
13680 11250
76712 41144
76712 4779
76712 54109
76712 27536
76712 7106
76712 40835
76712 126252
76712 61169
4779 38935
4779 73776
4779 200868
4779 12696
4779 6613
4779 14819
4779 12861
4779 178285
4779 168691
4779 54139
4779 11221
4779 37847
4779 33796
4779 11288
4779 140314
4779 17527
4779 36161
4779 7097
4779 126556
4779 102894
4779 126628
4779 30466
4779 46907
4779 81756
4779 63376
4779 73699
102894 10570
102894 65345
40835 45299
40835 256378
40835 12696
40835 27536
40835 54204
40835 206085
40835 32100
40835 32108
40835 7097
40835 145010
40835 40758
7097 35150
7097 12861
7097 72241
7097 64157
7097 783
7097 78834
7097 11288
7097 27731
7097 42298
7097 32100
7097 15824
783 41144
783 65350
783 54204
783 11288
783 140314
783 12001
