26575 6049
80483 15824
3513 19772
251175 6075
17321 4129
341529 341519
1012546 237092
35150 36162
8909 150981
15824 62964
36161 150981
8909 36161
63024 3513
31526 6049
150981 150990
4129 3280
8909 76761
150981 76761
5045 64578
341528 222383
39210 40758
8443 5480
63986 2668
15804 3254
12462 3454
9617 40808
19772 2668
63986 19772
3513 2668
237076 210279
26541 4129
117800 8909
150981 117800
76761 117800
61960 59091
763056 63849
12462 3014
3454 3014
2181 10021
10021 17321
2181 17321
15651 6075
9093 3291
150984 150981
8909 150984
76761 150984
84340 193224
206969 318696
6049 40590
6504 3254
226409 5480
118011 150980
130802 341535
341528 182646
222383 182646
8381 76761
8909 8381
31526 6058
6049 6058
73871 12646
139041 32100
73871 7677
89705 100801
27752 3454
17282 3291
4131 3450
5045 2028
5143 3450
4131 5143
15804 3513
2668 15804
3254 3513
7106 60975
150981 25069
117800 25069
150984 25069
206085 5045
3584 16871
80483 150993
3454 191532
3014 191532
3603 6075
17321 3513
3254 17321
2181 3513
4129 3513
10021 3513
2668 17321
19772 17321
5125 52019
310419 59091
4875 9093
3291 4875
31526 4131
6049 4131
6058 4131
3254 5670
3513 5670
6504 5670
15804 5670
17321 5670
6049 3513
3513 4131
150984 3513
3513 3454
17321 4131
6075 3513
6058 3513
3513 31526
3513 25069
3513 5045
3513 3291
3513 3014
3513 80483
3513 73871
3513 9093
3513 6504
3513 5480
3513 5143
3513 4875
3513 3450
3454 17321
139041 3513
40808 3513
17321 31526
17321 25069
8909 2668
7677 3513
6049 8909
5670 8909
5045 17321
3603 3513
3513 206969
3513 206085
3513 118011
3513 84340
3513 64578
3513 63849
3513 32100
3513 27752
3513 17282
3513 16871
3513 15651
3513 9617
3513 7106
3513 5125
3513 3584
3513 3280
3291 17321
2028 3513
17321 63986
17321 9093
6049 5670
6049 3254
6049 2668
5670 4131
5670 2668
5480 17321
3450 17321
3254 4131
3254 2668
206085 17321
150984 2668
150981 73871
117800 2668
64578 17321
59091 150981
52019 17321
32100 17321
19772 4131
17321 251175
17321 84340
17321 17282
17321 16871
17321 8443
15824 150981
9617 17321
6049 4129
6049 3454
5670 19772
5670 4129
5670 3454
5125 17321
4131 4129
3454 4131
3454 3254
3454 2668
3291 8909
3254 4129
150984 19772
150981 150993
150981 118011
150981 36162
150981 12646
150981 7106
59091 8909
31526 2668
26575 150981
19772 4129
15804 3454
10021 5670
10021 4131
10021 3254
10021 2668
8909 80483
6075 5670
6075 4131
6075 3254
6075 2668
6058 5670
6058 3254
6058 2668
6049 5045
6049 3291
6049 3014
6049 2181
5670 31526
5670 3291
5670 3014
5670 2181
5045 4131
5045 2668
3454 4129
3291 4131
3291 3254
3291 2668
3254 31526
3254 5045
3254 3014
3254 2181
3014 4131
3014 2668
2181 4131
310419 8909
150993 8909
150980 8909
118011 8909
76761 80483
63986 4131
36162 8909
26575 8909
19772 31526
19772 3014
15824 4131
15804 5045
15804 3291
15804 2181
10021 3454
9093 4131
9093 2668
8909 12646
7106 8909
6504 4131
6075 15804
6075 3454
6058 15804
6058 4129
6058 3454
6049 36161
6049 15824
6049 9093
6049 6504
6049 5480
6049 4875
6049 3450
5670 80483
5670 9093
5670 5480
5670 4875
5670 3450
5480 4131
5480 3254
5480 2668
5143 2668
5045 4129
4875 2668
3584 8909
3454 31526
3454 5045
3454 3291
3454 2181
3450 2668
3291 4129
3254 80483
3254 9093
3254 4875
3014 4129
2668 80483
2668 6504
2181 4129
2028 8909
150993 2668
150990 2668
150984 80483
150984 73871
150984 15824
117800 80483
117800 9093
117800 6504
84340 4131
76761 193224
76761 12646
76761 7106
73871 4129
64578 4131
64578 2668
63986 4129
63024 2668
60975 76761
59091 117800
52019 5670
52019 4131
40808 5670
40808 3254
40808 2668
40758 4131
40590 4131
40590 3254
32100 4131
32100 2668
31526 2181
26541 6049
26541 4131
19772 9093
19772 8381
17282 4131
17282 2668
16871 4131
15824 4129
15804 9093
15804 5143
15804 4875
15804 3450
15651 4131
10021 5045
10021 3291
9617 4131
9617 3254
9617 2668
9093 4129
8443 4131
7677 4131
7106 4131
7106 2668
6075 10021
6075 5045
6075 3291
6075 2181
6058 10021
6058 5045
6058 3291
6058 2181
6049 251175
6049 226409
6049 139041
6049 84340
6049 63024
6049 40808
6049 32100
6049 17282
6049 16871
6049 9617
6049 8443
6049 7677
6049 5125
6049 3603
6049 3584
5670 251175
5670 64578
5670 63849
5670 17282
5670 16871
5670 15651
5670 9617
5670 8443
5670 5125
5670 3603
5670 3584
5670 3280
5480 4129
5143 4129
5125 4131
5125 2668
5045 31526
5045 2181
3603 4131
3603 2668
3584 4131
3584 2668
3454 4875
3454 3450
3450 117800
3450 4129
3291 31526
3291 25069
3291 5045
3291 3014
3291 2181
3280 2668
3254 64578
3254 17282
3254 5125
3254 3584
3014 5045
2668 63849
2668 35150
2668 16871
2668 8443
2028 6049
2028 4131
2028 3254
2028 2668
150990 117800
150984 118011
150984 7106
117800 150993
117800 8443
117800 7106
84340 4129
80483 25069
80483 2181
64578 4129
63849 4129
63024 4129
60975 4129
59091 25069
52019 3454
40808 3454
40758 19772
40590 4129
36162 4129
31526 4875
25069 73871
19772 64578
19772 16871
19772 8443
19772 5125
19772 3584
19772 3280
17282 4129
16871 4129
15824 25069
15824 5045
15824 3291
15804 17282
15804 9617
15804 5125
15651 4129
10021 9093
10021 5143
9617 19772
9617 4129
9617 3454
7677 15804
7677 4129
7677 3454
7106 4129
6075 5143
6075 4875
6075 3450
6058 12462
6058 9093
6058 4875
6058 3450
5480 5045
5480 3291
5480 3014
5143 5045
5143 2181
5125 4129
5045 73871
5045 63986
5045 9093
5045 4875
4875 2181
3603 15804
3603 4129
3603 3454
3584 4129
3454 84340
3454 64578
3454 17282
3454 16871
3454 8443
3454 5125
3454 3584
3450 5045
3450 3291
3450 3014
3291 80483
3291 12462
3291 8381
3291 6504
3014 80483
2028 19772
2028 4129
2028 3454
139041 31526
139041 2181
118011 25069
84340 2181
64578 2181
63024 3291
62964 25069
60975 25069
60975 5045
59091 8381
52019 3014
40808 10021
40808 3291
40808 2181
40590 5045
40590 3291
36162 25069
26575 3291
26541 3291
17282 2181
16871 2181
15824 73871
10021 64578
10021 32100
10021 9617
10021 5125
10021 3603
10021 3584
9617 31526
9617 5045
9617 3291
9617 3014
9617 2181
7677 25069
7677 5045
7677 3291
7677 2181
7106 25069
7106 5045
6075 84340
6075 40590
6075 17282
6075 16871
6075 9617
6075 5125
6075 3584
6075 3280
6058 310419
6058 251175
6058 64578
6058 52019
6058 17282
6058 9617
6058 7677
6058 5125
6058 3584
5480 9093
5480 4875
5125 5045
5125 3014
5125 2181
5045 84340
5045 17282
5045 16871
3603 5045
3603 3291
3603 3014
3584 31526
3584 5045
3584 3014
3584 2181
3450 191532
3450 9093
3450 5480
3291 64578
3291 63849
3291 27752
3291 16871
3291 8443
3291 5125
3291 3584
3280 31526
3280 5045
3280 2181
3014 61960
3014 8443
2028 6058
2028 3291
2028 3014
2028 2181
1012546 182646
341535 341528
341535 222383
341535 182646
341529 341528
341529 222383
341529 182646
341528 341519
341519 222383
341519 182646
226409 182646
226409 63986
222383 206969
222383 193224
222383 84340
193224 12462
182646 206969
182646 84340
150990 73871
150980 36161
139041 9093
130802 341528
130802 222383
130802 182646
118011 80483
64578 9093
63986 84340
62964 73871
60975 73871
60975 36161
60975 15824
59091 7106
52019 4875
52019 3450
40590 5480
40590 3450
36162 36161
36161 7106
26575 80483
26575 36161
17282 4875
15824 118011
15824 36162
15824 9617
15824 7106
9617 182646
9617 9093
9617 6504
9617 5480
9617 4875
9617 3450
9093 63849
9093 27752
7677 80483
7677 15824
7677 6504
7677 5143
7677 4875
7677 3450
7106 80483
7106 8381
5480 84340
5480 64578
5480 61960
5480 32100
5480 3584
5143 5125
5125 4875
4875 84340
3603 6504
3603 5480
3603 3450
3584 9093
3450 5125
3450 3584
3280 4875
2028 9093
2028 4875
2028 3450
341535 341519
341529 84340
341519 226409
341519 84340
318696 84340
310419 150993
237092 100801
237092 32100
226409 84340
150990 150993
150990 7106
150980 36162
150980 12646
150980 7106
139041 9617
139041 3584
130802 341529
130802 341519
130802 226409
130802 84340
118011 12646
118011 7106
84340 206969
84340 63849
64578 63849
64578 16871
64578 5125
63024 251175
63024 9617
63024 7677
62964 118011
60975 36162
52019 8443
52019 7677
52019 3603
52019 3584
40808 139041
40808 5125
40758 341519
40758 226409
40758 100801
40758 9617
40590 7677
40590 3584
39210 1012546
36162 12646
36162 7106
27752 8443
26575 150980
26575 118011
26575 36162
26575 12646
26541 16871
26541 5125
26541 3584
17282 251175
17282 84340
17282 16871
16871 251175
16871 84340
16871 8443
15651 3584
9617 1012546
9617 210279
9617 118011
9617 84340
9617 63849
9617 32100
9617 17282
9617 5125
9617 3280
7677 36162
7677 17282
7677 16871
7677 15651
7677 5125
7677 3584
7106 150993
7106 12646
5125 35150
5125 16871
5125 3584
3603 5125
3603 3584
3584 17282
3584 8443
3280 64578
3280 16871
3280 5125
2028 63849
2028 52019
2028 9617
2028 7106
2028 3603
2028 3584
2028 3280
