4131 5236
5045 11288
7677 12001
54109 59091
9963 11250
84340 341527
17321 10021
3014 5125
4129 5215
84340 377809
6504 5670
391611 222375
6186 5144
76761 11332
5144 25657
11205 32582
4745 6049
8612 11298
28908 22114
8443 15638
12861 3513
4129 7677
17282 3141
3513 7693
11332 3254
229481 3584
6186 2668
6462 10021
432437 341525
125356 178285
6462 5224
61342 206784
125870 6049
166363 67123
109318 22293
126321 5670
344753 130802
1012546 216687
4129 7106
54204 53091
15589 3584
33229 39210
12868 5045
4847 102894
103206 3254
4847 9617
4146 19772
147807 226409
31533 3291
5144 3141
3516 2668
9093 3913
12696 26570
7693 139041
4872 37847
150984 85570
391609 658094
4129 9145
39209 8909
5236 3584
6498 10393
222375 81422
11221 19772
73871 60975
5215 32115
5144 31533
58382 84340
5125 64578
4745 2028
206969 182646
635405 658099
4146 9617
11363 5670
8959 19843
9773 52019
15824 60975
72241 195488
84340 222375
4146 25069
44269 3454
391609 1012546
140312 341519
432437 341524
5045 206085
9617 216691
44229 7677
11173 7677
42298 42729
37847 138396
84340 37847
7693 9950
138396 126628
150981 20349
108679 5125
8443 11363
150990 150993
4146 1124227
25069 15589
150978 150997
120573 46907
152371 9617
39168 1012546
31508 3291
4131 15824
3291 120573
2668 17321
16764 205519
341519 341522
126252 81364
64157 65350
39642 226409
22731 10570
76761 150984
11205 21948
4197 15589
216681 6049
17282 5670
17282 9617
341255 26570
31564 3254
91171 206784
177587 150981
56567 3513
4875 5125
3513 3584
2181 31508
76761 126556
4779 4872
3141 15589
103206 7677
4745 5509
126321 9617
4146 5125
6613 11288
11288 15651
6186 62628
25821 3450
7693 9773
4131 274249
4131 15651
5045 7128
13680 3584
182646 81421
17282 5045
140312 341525
28908 211537
210278 7677
4131 103206
3584 6075
694808 658099
32115 42729
22731 5143
4872 3454
4779 8959
17321 140314
5125 9617
3513 12014
2181 8612
9093 3254
38935 6049
65340 65392
5138 7097
3291 6065
3291 5670
274249 5670
2479 2668
40961 130802
341524 341519
5045 3291
80483 3014
8909 151003
245901 341519
2668 5670
22731 5670
7688 89705
9773 10021
2668 6075
177587 150980
7106 290766
11332 36162
46834 61342
32100 237092
54015 205835
346478 120232
8381 3291
226409 341525
16764 216678
7677 85931
32100 24321
8909 59091
4872 11221
9093 93178
238077 20338
8909 150997
391611 658094
4872 4875
15044 40808
7106 151003
8959 3000
6498 5215
93178 11298
6200 3603
3513 9963
669837 103206
3516 56567
6504 117800
4131 62663
3291 3513
310423 40758
9617 139041
22731 15044
127062 7106
6504 2668
6770 5670
85570 26575
4129 63024
150990 85570
25657 3584
3141 115982
237078 9950
391609 216678
441079 152371
216672 6049
76712 3000
210279 206784
38935 5215
3584 9773
10393 6075
15824 1124227
4131 138395
8753 3513
66446 6049
64257 5224
38935 2668
5045 11205
168691 3291
4875 15804
9145 9773
8909 227182
344753 341534
11205 5125
5143 7677
9773 9944
637371 53091
11173 126556
17282 17321
25069 36158
111925 15824
11205 19772
108679 2811
3014 52019
623193 1012546
84340 391611
76761 27731
3014 2028
61960 3014
15638 9617
31508 6058
2668 31564
4129 33548
43275 210279
6504 3291
64578 3291
4875 7128
623193 216691
5045 9950
7677 9959
5125 15638
100801 237092
10393 25657
4129 22731
7106 150984
11298 9944
36158 36161
6498 3291
637370 439761
23042 9963
150981 151003
22293 2028
4129 111925
17321 3141
91171 226409
150978 20334
237092 216683
5215 65392
151004 20349
11288 7677
265393 5480
6058 2028
6049 73699
3291 63024
58382 39168
5144 9617
3450 2028
84340 11173
7693 40590
3584 26541
6065 6137
4131 4745
5215 11173
9617 3291
7677 3291
3291 3584
3291 2668
3291 5125
3291 4131
3291 4129
6049 3291
9773 3291
9617 2668
7677 3584
5670 9617
3291 5215
9617 5045
9617 4131
9617 4129
7693 3291
7677 5125
7677 5045
7677 4131
7677 3513
5670 3584
3584 2668
3513 9617
3291 22731
3291 17321
3291 17282
3291 11205
3291 8909
3291 5144
3291 4872
3291 4146
3291 3141
3291 3014
2028 3291
15824 3291
15589 3291
11173 3291
9617 84340
6049 9617
6049 7677
5670 5125
5670 4131
5670 4129
5670 3513
5125 3584
5125 2668
5045 2668
3584 5045
3584 4131
3584 4129
3513 2668
3291 103206
3291 11288
3291 4875
3291 4745
3291 3254
151003 3291
15638 3291
10021 3291
9950 3291
9773 9617
9617 5215
6075 3291
6049 5670
6049 3584
6049 2668
5125 5045
5125 4131
5125 4129
5045 4131
5045 4129
4131 4129
3513 5125
3513 5045
3513 4131
3513 4129
3291 25657
3291 25069
3291 10393
3291 9093
3291 8959
3291 6186
126556 3291
126321 3291
84340 4131
84340 4129
32115 3291
9944 3291
9773 5670
9773 2668
9617 17321
9617 11205
9617 3014
7677 22731
7677 17282
7677 5144
7677 4872
6058 3291
6049 5125
6049 5045
6049 4131
6049 4129
6049 3513
5670 5215
5215 3584
5215 2668
5045 84340
3513 84340
3454 3291
3450 3291
3291 58382
3291 39168
3291 31564
3291 15044
3291 11363
3291 11221
3291 9145
3291 8443
3291 7128
3291 6462
3291 5236
3291 5224
3291 4779
3291 2181
2028 9617
237078 3291
102894 3291
44269 3291
42298 3291
40808 3291
40590 3291
32582 3291
26575 3291
26541 3291
25821 3291
17282 2668
15824 9617
15804 3291
12001 3291
11173 9617
9773 5125
9773 5045
9773 4131
9773 3513
9617 1012546
9617 103206
9617 15589
9617 11288
9617 6504
9617 4875
9617 3254
8909 2668
7693 2668
7688 3291
7677 15824
7677 15589
7677 6504
7677 4875
7106 2668
7097 3291
6137 3291
6049 84340
5670 17321
5670 11205
5670 8909
5670 7693
5670 5144
5670 4872
5670 3141
5670 3014
5480 3291
5215 5125
5215 5045
5215 4131
4872 2668
3603 3291
3584 22731
3584 17282
3584 11205
3584 8909
3584 5144
3584 4872
3584 3141
3584 3014
3513 5215
3291 80483
3291 62663
3291 62628
3291 33229
3291 12868
3291 12861
3291 11250
3291 6200
3291 5138
3291 3913
3291 2811
3014 2668
2668 22731
2668 5144
2668 3141
2028 3584
2028 2668
103206 2668
17321 4131
17321 4129
17282 4131
17282 4129
15589 2668
11288 2668
11205 4131
11205 4129
11173 3584
11173 2668
10021 9617
9963 9617
9963 7677
9950 9617
9950 7677
9773 84340
9617 206784
9617 31508
9617 25657
9617 19772
9617 11332
9617 11298
9617 9093
9617 8959
7693 5045
7693 4129
7677 151003
7677 38935
7677 37847
7677 25657
7677 25069
7677 15638
7106 5045
7106 4131
6075 9617
6049 9773
6049 5215
5670 103206
5670 11173
5670 4875
5670 4745
5670 3254
5144 4131
5144 4129
5125 22731
5125 17321
5125 4872
5125 3141
5045 22731
5045 17321
5045 5144
5045 4872
4875 2668
4872 4131
4872 4129
4745 2668
4146 4131
3584 103206
3513 22731
3513 17321
3513 17282
3513 11205
3513 7106
3513 5144
3513 4872
3513 4146
3513 3014
3254 3584
3254 2668
3141 4131
3141 4129
3014 5045
3014 4131
3014 4129
2028 5045
2028 4131
2028 4129
2028 3513
216678 9617
150984 2668
85570 2668
84340 22731
84340 5144
63024 9617
63024 7677
53091 7677
52019 7677
31508 2668
25657 2668
22293 7677
19772 3584
19772 2668
17321 84340
17282 84340
15824 5045
15824 4129
15589 5045
15589 4131
15589 4129
11205 84340
11173 5045
11173 4131
11173 4129
11173 3513
10021 5670
10021 3584
10021 2668
9963 3584
9963 2668
9944 7677
9773 5215
9617 210279
9617 182646
9617 140312
9617 58382
9617 39168
9617 32115
9617 32100
9617 31533
9617 11363
9617 6462
9617 5224
9617 3454
9617 3450
9617 3000
9617 2181
9093 2668
7677 36158
7677 15651
7677 15044
7677 11363
7677 9145
7677 6462
7677 4847
7677 4779
7677 3454
7677 3450
7677 2181
6504 4131
6075 5670
6065 7677
6058 9617
6058 7677
6049 22731
6049 17282
6049 11205
6049 8909
6049 5144
6049 4872
6049 3141
6049 3014
5670 37847
5670 31508
5670 25657
5670 19772
5670 9093
5670 8959
5670 6498
5670 6186
5125 103206
5045 103206
5045 4875
5045 4745
4872 84340
4745 4129
3584 31508
3584 9093
3584 8959
3513 103206
3513 15589
3513 11288
3513 6504
3513 4875
3513 4745
3513 3254
3254 5125
3254 5045
3254 4131
3254 4129
2668 8959
2028 6049
341519 84340
237078 9617
226409 84340
216687 9617
151003 3513
150990 2668
139041 3584
126556 2668
126321 2668
93178 2668
85570 3513
65392 5670
64578 2668
63024 2668
56567 2668
52019 5670
52019 3584
42729 5670
42729 2668
40808 9617
40758 9617
40590 7677
32115 3584
32100 2668
31533 2668
31508 4131
31508 4129
25657 5125
25657 5045
25657 4131
22293 5670
22293 3584
22293 2668
19772 5125
19772 4131
19772 4129
15804 9617
15651 3584
15638 5045
15638 4131
15638 4129
12014 7677
11363 3584
11363 2668
11298 5045
11298 4131
11298 4129
11221 2668
10021 5125
10021 5045
10021 4131
10021 3513
9963 5125
9963 5045
9963 4131
9963 4129
9959 9617
9950 4131
9944 2668
9773 17321
9773 17282
9617 441079
9617 265393
9617 178285
9617 168691
9617 76712
9617 43275
9617 40961
9617 33229
9617 19843
9617 13680
9617 6200
9617 5480
9617 3913
9617 2811
9093 4131
9093 4129
8959 4131
8959 4129
7688 7677
7677 80483
7677 73871
7677 64157
7677 62663
7677 54204
7677 36162
7677 27731
7677 25821
7677 15804
7677 13680
7677 12696
7677 11250
7677 5138
7677 2811
7097 7677
6186 4129
6075 5125
6075 5045
6075 4131
6075 3513
6065 5670
6065 2668
6058 5670
6058 3584
6058 2668
6049 226409
6049 103206
6049 15824
6049 11288
6049 11173
6049 6504
6049 4875
6049 3254
5670 111925
5670 64578
5670 31564
5670 31533
5670 15651
5670 15044
5670 9145
5670 8612
5670 8443
5670 4847
5670 3454
5670 3450
5670 3000
5670 2181
5224 2668
5215 17321
5215 17282
5215 11205
5215 5144
5215 4872
5215 3141
5143 2668
5125 38935
5125 31508
5125 10393
5125 8959
5125 6498
5045 38935
5045 31508
5045 9093
5045 6186
4875 84340
4847 2668
4779 2668
4131 38935
4129 38935
3584 108679
3584 31533
3584 15044
3584 8443
3584 6462
3584 4847
3584 3000
3584 2181
3513 206784
3513 150984
3513 38935
3513 37847
3513 31508
3513 25657
3513 25069
3513 19772
3513 15638
3513 11332
3513 11298
3513 10393
3513 9093
3513 8959
3454 3584
3454 2668
3450 3584
3450 2668
3000 2668
2668 8612
2668 8443
2028 9773
2028 5215
391609 84340
341525 84340
205835 2668
150993 2668
139041 3513
126556 4131
126321 4129
125870 2668
117800 2668
115982 3584
115982 2668
108679 4131
102894 5670
93178 4131
93178 4129
84340 6186
76712 2668
73699 3584
73699 2668
67123 5670
65392 5045
65392 4129
65350 2668
65340 5670
64578 5045
64578 4131
64578 4129
64257 2668
64157 2668
63024 3513
62663 2668
62628 2668
61342 3513
60975 5045
60975 4129
54204 2668
53091 4131
52019 5125
52019 4131
44269 2668
44229 2668
42729 3513
42298 2668
40808 5670
40808 2668
40590 3584
39642 2668
39168 4131
32115 5125
32115 5045
32115 4131
32115 4129
32100 4131
31564 4131
31564 4129
31533 4131
31533 4129
27731 3584
25821 2668
22293 4131
22293 4129
22293 3513
22114 5670
20334 2668
17282 4872
16764 4131
15804 2668
15651 4129
15589 5215
15044 4131
13680 2668
12001 2668
11363 5125
11363 5045
11363 4131
11221 5045
11221 4129
11205 3141
9959 2668
9950 84340
9944 5125
9944 5045
9944 4131
9944 4129
9944 3513
9773 103206
9773 15589
9773 11288
9773 3254
9145 5045
9145 4131
8443 4131
7693 17321
7693 17282
7693 11205
7693 3141
7693 3014
7128 4131
7106 8909
7097 2668
6770 2668
6462 4131
6462 4129
6137 5670
6137 3584
6137 2668
6075 84340
6065 3513
6058 5125
6058 5045
6058 4131
6058 4129
6058 3513
6049 37847
6049 31508
6049 25657
6049 15638
6049 11298
6049 9963
6049 9950
6049 9093
6049 8959
6049 6186
5670 80483
5670 76712
5670 64257
5670 64157
5670 62628
5670 54204
5670 39642
5670 25821
5670 19843
5670 15804
5670 5480
5670 5138
5670 3913
5670 3603
5670 2811
5480 3584
5480 2668
5224 5125
5224 4131
5224 4129
5215 4875
5215 4745
5143 5125
5143 5045
5143 4131
5143 4129
5138 3584
5138 2668
5125 93178
5125 31564
5125 31533
5125 15044
5125 6462
5125 3000
5125 2181
5045 108679
5045 39168
5045 31564
5045 31533
5045 16764
5045 15044
5045 6462
5045 4779
5045 2181
4872 22731
4872 3141
4779 4129
3913 2668
3603 3584
3603 2668
3584 109318
3584 64257
3584 46834
3584 19843
3584 12868
3584 12696
3584 8753
3584 6770
3584 6200
3584 2811
3513 177587
3513 152371
3513 140312
3513 126321
3513 64578
3513 39168
3513 32115
3513 32100
3513 31564
3513 31533
3513 16764
3513 15651
3513 15044
3513 11363
3513 11221
3513 6462
3513 5236
3513 5143
3513 4847
3513 4779
3513 3454
3513 3450
3513 3000
3513 2181
3454 5125
3454 5045
3454 4131
3454 4129
3450 5125
3450 5045
3450 4131
3450 4129
3254 5215
3141 22731
3014 4146
3000 5045
3000 4129
2811 2668
2668 211537
2668 80483
2668 46834
2668 43275
2668 40961
2668 23042
2668 12868
2668 12861
2668 4197
2181 4131
2181 4129
2028 11205
2028 8909
2028 7106
2028 5144
2028 3141
658099 84340
658094 84340
623193 84340
237078 5045
237078 4131
237078 4129
182646 84340
140312 84340
138395 4129
130802 84340
103206 3141
102894 4131
84340 39168
84340 6462
84340 2181
76761 8909
76761 7106
76712 4129
73871 4129
73699 4131
72241 5045
72241 4129
66446 4131
64257 4131
64257 4129
62663 5045
62663 4129
62628 5125
53091 84340
46907 3513
42298 5045
40808 5125
40808 3513
40758 4131
40590 5045
40590 4131
40590 4129
36162 4129
33229 4131
33229 4129
32582 5045
32115 84340
31533 84340
27731 5045
27731 4131
26541 5125
26541 4131
26541 4129
25821 5125
25821 5045
25821 4131
25821 4129
19772 5215
17321 103206
17321 4745
17282 4875
17282 4745
16764 84340
15824 7106
15824 4872
15824 4146
15824 3141
15804 5125
15804 5045
15804 3513
15589 17282
15589 11205
15589 3014
15044 84340
13680 5045
13680 4131
13680 4129
12868 4129
12001 5045
12001 4131
12001 4129
11288 17321
11205 4875
11205 4745
11173 22731
11173 4872
11173 3141
10021 5215
9959 5045
9959 3513
9950 9773
9773 150981
9773 31508
9773 25657
9773 25069
9773 19772
9773 11298
9773 8959
7693 103206
7693 11173
7688 3513
7097 4131
7097 3513
6200 4131
6200 4129
6137 5125
6137 4129
6137 3513
6075 5215
6058 6049
6049 216691
6049 139041
6049 63024
6049 42729
6049 36158
6049 32115
6049 32100
6049 31533
6049 16764
6049 15044
6049 11363
6049 11221
6049 9944
6049 8612
6049 8443
6049 7128
6049 6462
6049 5236
6049 4847
6049 4779
6049 3454
6049 3450
6049 2181
5480 5045
5480 4131
5480 4129
5215 31508
5215 25657
5215 11298
5215 10393
5138 5125
5138 5045
5138 4131
5138 4129
5125 65350
5125 64157
5125 39209
5125 2811
5045 76712
5045 73871
5045 64257
5045 33229
5045 6770
5045 6200
5045 2811
4875 22731
4875 5144
4875 3141
4745 5144
4197 4129
3913 5045
3913 4131
3913 4129
3603 5125
3603 5045
3603 4131
3603 4129
3603 3513
3513 206969
3513 206085
3513 205835
3513 205519
3513 138395
3513 127062
3513 80483
3513 76712
3513 73871
3513 64257
3513 64157
3513 54204
3513 46834
3513 40961
3513 39209
3513 27731
3513 12696
3513 11250
3513 6770
3513 6200
3513 5480
3513 4197
3513 3913
3513 2811
3454 84340
3254 22731
3254 17321
3254 17282
3254 11205
3254 5144
3254 4872
3254 3141
3254 3014
3141 6504
3014 103206
2811 4131
2811 4129
2028 15589
2028 11173
2028 4875
2028 3254
637371 84340
637370 84340
341522 84340
341519 226409
205835 84340
150981 8909
150981 7106
150981 4146
125870 84340
85570 8909
85570 7106
84340 206969
84340 178285
84340 147807
81422 84340
81421 84340
54015 84340
52019 5215
46834 84340
39642 84340
33229 84340
26575 6049
26541 6049
25657 17321
25657 17282
25657 3141
25657 3014
22293 5215
19772 17321
19772 3141
19772 3014
17321 25069
17321 9093
17321 8959
17282 31508
15638 17282
15589 3254
11332 7106
11332 3141
11298 17321
11250 84340
11205 10393
11205 9093
11173 15589
11173 4875
11173 3254
10393 5144
10021 11205
10021 5144
10021 3141
9963 17321
9950 17321
9950 8909
9950 3141
9773 93178
9773 58382
9773 32100
9773 15651
9773 8612
9773 8443
9773 4847
9773 3454
9773 3000
9093 22731
9093 5144
9093 3141
8959 22731
8959 5144
8959 3141
8909 150984
7693 25657
7693 11332
7106 25069
7106 8959
6075 22731
6075 17282
6075 3141
6058 9773
6049 237078
6049 126628
6049 102894
6049 76712
6049 64257
6049 62663
6049 46834
6049 42298
6049 40808
6049 40590
6049 39642
6049 39209
6049 36161
6049 25821
6049 19843
6049 12868
6049 12861
6049 11250
6049 9959
6049 7097
6049 6770
6049 6200
6049 5480
6049 5138
6049 3913
6049 3603
6049 2811
5480 84340
5224 5215
5215 93178
5215 64578
5215 31533
5215 8443
5215 7128
5215 6462
5215 5143
5215 4847
5215 3000
5215 2181
4872 38935
3454 5215
3450 5215
3254 6504
3254 4875
3141 38935
2028 31508
2028 25657
2028 19772
2028 10393
2028 9963
2028 9093
2028 8959
2028 6186
1124227 8909
1124227 7106
341525 341519
341519 222375
341519 37847
274249 8909
274249 7106
237092 1012546
226409 37847
177587 7106
177587 4146
151003 76761
150997 7106
150990 7106
150990 4146
150981 76761
150978 8909
150978 7106
139041 11205
130802 3141
126556 22731
126556 8909
126556 7106
126321 5144
120573 11205
111925 5144
93178 22731
93178 11205
93178 3141
91171 3141
85931 9773
85570 76761
85570 15824
65392 5144
64578 17321
63024 11205
60975 7106
59091 7106
56567 3014
52019 17321
52019 2028
46907 5215
40590 9773
40590 5215
36158 8909
36158 7106
32115 11205
32115 5144
32115 4872
32115 3141
32100 17321
32100 3141
31564 5144
31564 4872
31508 4875
26570 8909
26570 3141
26541 5215
25657 4875
22731 2181
22293 22731
22293 11205
22293 5144
20349 8909
20349 7106
19772 4745
17321 58382
17321 31533
17321 8612
17321 8443
17321 4847
17321 4779
17321 2181
17282 31533
17282 2181
15824 150984
15824 150981
15824 25069
15651 5144
15638 15589
15638 6504
15638 4875
15589 31508
15589 25657
15589 9093
15589 6186
15044 3141
12014 9773
11363 17321
11363 8909
11363 7106
11298 103206
11298 11288
11288 150984
11205 31564
11205 31533
11205 9145
11205 8612
11173 38935
11173 19772
11173 10393
11173 9093
11173 8959
10021 3254
9963 15824
9963 15589
9963 3254
9959 9773
9950 103206
9944 17282
9944 3014
9773 80483
9773 66446
9773 65350
9773 64257
9773 54109
9773 44269
9773 36161
9773 23042
9773 13680
9773 6200
9773 5480
9773 2811
9145 17321
9093 4875
7693 126321
7693 15044
7693 6462
7693 5143
7693 4847
7693 2181
7097 5215
6504 10393
6462 5144
6137 5215
6075 15589
6075 4875
6075 3254
6065 7693
6065 4872
6058 22731
6058 17282
6058 3141
5236 4872
5224 22731
5224 17321
5224 17282
5224 11205
5224 5144
5215 117800
5215 27731
5215 6200
5215 4197
5215 2811
5143 5144
4875 8959
4875 6186
4872 15044
4872 8443
4872 4847
4872 2181
4847 22731
4847 5144
4745 8959
3603 5215
3516 3141
3454 22731
3454 17321
3454 17282
3454 5144
3454 3141
3454 3014
3450 17321
3450 4146
3450 3141
3450 3014
3254 25657
3254 11298
3254 8959
3141 6462
3014 8443
3014 3000
3000 22731
3000 17321
3000 4146
3000 3141
2028 93178
2028 32115
2028 31564
2028 15044
2028 3454
2028 3000
2028 2181
1124227 76761
1012546 182646
391609 391611
341524 226409
341519 182646
341255 7106
274249 76761
274249 15824
265393 17321
237092 391609
227182 7106
226409 432437
226409 182646
226409 140312
226409 16764
216678 1012546
216678 226409
206085 17321
151004 8909
151004 7106
150993 8909
150993 7106
150984 25069
150981 150984
150981 25069
150981 11332
150980 8909
150980 7106
150978 76761
140314 4872
139041 11288
139041 11173
138396 226409
130802 341519
130802 226409
126628 17321
120573 11173
117800 8909
117800 7106
115982 17282
103206 8612
102894 11205
102894 4872
93178 4875
85931 11205
85570 151003
85570 150981
85570 25069
85570 11332
76712 3141
73871 4146
73699 11205
67123 8909
67123 7106
66446 3141
65392 103206
65340 3014
64257 5144
62628 5144
61960 3141
61342 226409
60975 76761
54204 3141
54109 4146
52019 4875
46834 22731
44269 17321
44269 4872
44229 3014
42729 15589
40808 3141
40758 3141
40590 5144
36162 8909
36162 7106
36162 4872
36162 3141
36161 8909
36161 7106
32582 5144
32115 15589
32115 4745
32115 3254
32100 103206
32100 15589
31564 4875
31533 4875
31533 4745
31508 6186
27731 7106
27731 4146
26575 8909
26575 3141
26570 15824
26541 11205
26541 5144
25821 8909
25821 5144
25657 9093
22293 15589
22293 11173
22293 4875
22293 4745
22293 3254
22114 3014
20338 8909
20334 8909
20334 7106
19772 150984
19772 37847
19772 11298
19772 10393
19772 9093
19772 8959
19772 6186
17321 229481
17321 76712
17321 65350
17321 64257
17321 46834
17321 6200
17282 33548
15824 150978
15824 56567
15824 11363
15824 11221
15804 17282
15638 10393
15589 15044
15589 2181
13680 17282
12696 22731
12001 8909
11363 103206
11363 76761
11363 11288
11332 150984
11332 25069
11298 8959
11288 93178
11288 8612
11288 4779
11288 3000
11205 80483
11205 64257
11205 40961
11205 19843
11205 8753
11173 15044
11173 11221
11173 5236
11173 5224
11173 5143
11173 4847
11173 4779
10021 25657
10021 10393
10021 9093
10021 6498
10021 6186
10021 6075
9963 19772
9963 9093
9963 8959
9963 6075
9959 17321
9959 3141
9950 391609
9944 6504
9145 4745
9093 31508
8959 6186
8909 80483
8909 8381
7693 33548
7693 5138
7106 80483
7106 76712
7106 8381
7097 17321
6770 3141
6613 3141
6137 5144
6137 2028
6075 31508
6075 15638
6075 8959
6065 11173
6058 15589
6058 11173
6058 4875
6058 3254
5480 22731
5480 17321
5480 3014
5144 6200
5138 4872
4875 15044
4875 4847
4875 4779
4875 2181
4872 80483
4872 12868
4872 12861
4872 6613
3913 22731
3913 3141
3603 5144
3603 3014
3454 4875
3454 3254
3450 103206
3450 15589
3254 64578
3254 31533
3254 15044
3254 11363
3254 11221
3254 4847
3254 3000
3254 2181
3141 40961
3141 12696
3141 6200
3014 76712
3014 54204
3014 39642
3014 23042
3014 6200
3000 4875
2811 22731
2028 62628
2028 54109
2028 25821
2028 19843
2028 13680
2028 7097
2028 5509
2028 5138
2028 4197
2028 3913
2028 3603
658099 391609
623193 391609
441079 103206
391611 39168
391609 182646
391609 58382
391609 39168
341534 341519
341527 341519
341525 182646
341519 178285
341519 125870
341519 81422
341519 81421
310423 226409
290766 76761
290766 15824
274249 85570
274249 11332
237092 623193
237092 39168
237078 1012546
226409 245901
226409 178285
226409 125870
226409 125356
226409 39209
222375 344753
216691 237092
216683 1012546
216678 237092
206784 16764
152371 206784
151003 150978
151003 36158
151003 11363
150997 150981
150997 11332
150990 150981
150981 150978
150981 36158
150981 11363
139041 9093
139041 6186
126628 341519
126628 226409
126628 11173
126556 85570
126556 11332
126252 11288
117800 103206
117800 76761
102894 15589
93178 8959
85570 150997
85570 150978
85570 36158
85570 11363
81364 226409
81364 11288
76761 80483
76761 8381
67123 76761
67123 15824
64578 9093
64257 4745
64157 6504
63024 8959
60975 151003
60975 25069
59091 150981
59091 85570
59091 25069
59091 11332
56567 8959
54204 103206
54109 103206
42729 19772
42729 9093
42729 6075
42298 11288
40808 15589
40808 3254
40758 341519
40758 226409
40590 103206
40590 3254
39210 1012546
37847 432437
37847 4779
36158 11332
32115 19772
32115 15638
32115 9093
31564 38935
31564 8959
31564 6186
31533 8959
31508 15044
31508 8612
26570 150981
26570 25069
26570 11332
26541 15589
25657 39168
25657 31564
25657 9145
25657 2181
22293 25657
22293 8959
20349 151003
20349 85570
19772 64578
19772 31533
19772 15044
19772 11363
19772 8443
19772 6462
19772 4779
19772 3000
15824 80483
15824 73871
15824 36162
15824 27731
15824 12696
15804 103206
15804 3254
15651 25657
15651 6498
15638 108679
15589 25821
15589 12696
15589 2811
15044 38935
15044 10393
15044 8959
13680 103206
13680 6504
12696 6504
12014 103206
11363 150984
11363 25069
11363 11298
11363 9093
11332 11221
11332 8443
11298 8443
11288 54109
11288 11250
11221 8959
11173 140314
11173 62663
11173 62628
11173 21948
11173 15804
11173 12868
11173 12861
11173 8381
11173 6613
11173 5138
10021 93178
10021 64578
10021 42729
10021 32100
10021 15044
10021 11363
10021 9944
10021 7128
10021 5224
10021 5143
10021 3454
10021 2181
9963 64578
9963 15651
9963 11363
9963 5224
9963 3454
9963 3450
9963 2181
9950 216678
9950 58382
9950 39168
9950 32100
9944 6075
9145 8959
9093 31564
9093 15044
9093 4847
8959 8612
8959 2181
7097 15824
7097 11288
6462 10393
6462 6498
6137 11173
6137 4875
6137 3254
6075 32115
6075 31564
6075 15651
6075 15044
6075 5224
6075 5143
6075 4847
6075 3454
6075 3450
6075 3000
6075 2181
6058 11298
6058 10021
6058 9093
6058 8959
6058 6186
5480 226409
5480 4875
5480 3254
5236 37847
5224 10393
5224 8959
5224 6186
5143 10393
5138 4875
4875 64257
4779 38935
4745 19843
4745 4197
3913 4745
3603 103206
3603 15589
3603 6504
3454 31508
3454 25657
3454 15638
3454 10393
3454 6498
3450 10393
3450 9093
3450 8959
3254 80483
3254 76712
3254 62628
3254 12868
3254 6200
3254 3913
3000 6186
2181 6186
658099 658094
637370 391609
623193 39168
441079 206784
391611 206969
391609 694808
391609 206969
391609 33229
377809 391611
377809 391609
341534 222375
341527 222375
341525 178285
341524 140312
341522 222375
310423 206784
274249 150990
274249 11363
237092 694808
237092 237078
237092 33229
227182 151003
222375 206969
216691 58382
216691 39168
216687 237092
216681 391609
216678 623193
216678 39168
210279 91171
210279 16764
210278 206784
205835 9093
182646 344753
182646 39168
177587 56567
151003 117800
151003 36162
150993 150981
150993 11332
150990 177587
150990 11363
150984 127062
150984 80483
150984 73871
150981 166363
150981 127062
150981 117800
150981 73871
150981 36162
150981 36161
150981 27731
150981 20334
150978 36158
140312 432437
140312 182646
140312 16764
139041 32100
139041 31533
139041 11363
139041 2181
138395 37847
130802 182646
130802 140312
126628 37847
126556 11363
126556 4779
126556 3454
126556 3000
126556 2181
126321 2181
126252 11332
117800 25069
117800 9093
111925 11363
102894 31508
102894 19772
85570 166363
85570 151004
85570 150993
85570 150980
85570 117800
85570 80483
85570 73871
85570 67123
85570 36162
81364 37847
81364 9093
80483 25069
73699 9093
67123 150984
67123 150981
67123 25069
67123 11332
65392 32100
65392 6462
65392 3454
65340 8959
64578 2181
62628 31508
62628 10393
61342 152371
61342 91171
61342 9145
60975 36158
60975 6462
59091 1124227
59091 177587
56567 93178
54109 8959
54015 391611
54015 391609
52019 31533
52019 22293
52019 8443
52019 6058
52019 3454
52019 3450
52019 3000
46907 9093
46907 8959
42729 64578
42298 11298
40808 11332
40808 10021
40758 37847
40758 19772
40590 25657
40590 6075
39210 37847
37847 178285
37847 125870
37847 125356
37847 21948
37847 12868
37847 12861
36162 25069
32582 6186
32115 111925
32115 3000
32115 2181
32100 140312
32100 39168
32100 15044
31564 15044
31564 4847
31564 2181
31533 4779
31533 2181
31508 211537
31508 46834
31508 2811
27731 150984
27731 25069
27731 8959
27731 6498
27731 6186
26575 150981
26575 11332
26570 1124227
26570 150997
26570 126556
26570 36158
25657 64257
25657 12696
25657 8753
25657 6200
25657 2811
25069 166363
25069 73871
22293 32115
22293 9145
22293 5224
22293 3450
22293 2181
20349 1124227
20349 150997
20349 150978
20349 59091
20334 25069
20334 11332
19772 76712
19772 10570
19772 8381
19772 5138
19772 3913
19772 2811
15804 9093
15804 8959
15804 6498
15638 65350
15638 6200
15638 2811
15044 6462
15044 4779
15044 2181
13680 38935
13680 9093
12696 38935
12001 150981
11363 9145
11363 5143
11332 166363
11332 127062
11332 117800
11332 80483
11332 12696
11298 238077
11298 211537
11298 76712
11298 64257
11298 61960
11298 23042
11298 11250
11250 37847
11221 4779
11221 2181
10021 115982
10021 3603
9963 76712
9963 43275
9963 15804
9963 12696
9959 11298
9959 8959
9950 441079
9950 216683
9950 216681
9950 216672
9950 206969
9950 100801
9950 89705
9950 40961
9950 40590
9950 33229
9950 5480
9944 11363
9944 8443
9944 5143
9944 3454
9145 16764
9145 8612
8959 6200
7128 6462
7097 25657
6613 10393
6137 19772
6137 9963
6137 9093
6137 6186
6075 46834
6075 15804
6075 7097
6075 6200
6075 3603
6065 11221
6065 9944
6065 5224
6058 93178
6058 64578
6058 31564
6058 22293
6058 3454
6058 3450
6058 3000
6058 2181
5480 25657
5480 11298
5480 9093
5224 108679
5224 15044
5224 11363
5224 7128
5224 2181
5143 4847
5143 2181
5138 38935
5138 37847
5138 10393
4847 15044
4847 2181
3913 8959
3913 6498
3603 25657
3516 6462
3454 126321
3454 64578
3454 31564
3454 31533
3454 15044
3454 8612
3454 8443
3454 7128
3454 6462
3454 5224
3454 3450
3454 3000
3454 2181
3450 32115
3450 6462
3450 5143
3450 3000
3000 31533
3000 8612
3000 8443
3000 2181
2811 10393
1124227 8381
694808 39168
658099 206969
658094 206969
637371 39168
623193 694808
432437 43275
432437 39209
341527 344753
341527 182646
341524 178285
341524 125870
341522 182646
310423 341524
310423 152371
310423 91171
290766 274249
290766 177587
290766 36158
290766 26570
274249 151004
274249 150993
274249 80483
274249 54109
274249 27731
274249 20334
265393 91171
245901 182646
237078 658099
237078 623193
237078 58382
237078 39168
227182 36158
216691 237078
216691 216687
216687 623193
216687 216678
216687 58382
216687 39168
216683 216678
216681 623193
216681 216678
216678 694808
216678 237078
216678 216672
216678 210278
216678 205835
216678 33229
210279 310423
210279 210278
182646 178285
182646 40961
177587 346478
177587 120232
168691 4779
151004 36158
150997 150980
150997 27731
150997 20334
150990 127062
150990 117800
150990 73871
150990 20334
150980 36158
150978 36162
150978 27731
140314 4779
140314 2181
140312 441079
140312 206969
140312 205519
140312 178285
140312 125870
140312 125356
139041 127062
139041 81364
139041 20334
139041 12001
138396 138395
138396 54204
138395 140312
138395 5236
130802 341522
126628 5236
126628 4779
126556 36161
126556 2811
126252 11363
117800 8443
115982 11363
102894 31564
102894 15044
102894 6462
102894 4779
102894 3454
91171 205835
91171 43275
89705 216678
85931 6058
85931 3454
85931 3450
81422 344753
81422 182646
80483 2181
76712 4779
73699 126556
73699 4779
72241 8612
67123 150990
67123 60975
65392 3603
65350 8443
65340 3450
65340 3000
64578 19843
64257 4847
64257 2181
64157 432437
64157 152371
62663 31533
62663 15044
62628 64578
62628 15044
62628 2181
61342 65350
61342 7688
60975 36162
60975 36161
60975 27731
59091 341255
59091 127062
59091 117800
59091 61960
59091 22114
59091 8381
56567 27731
56567 12696
54204 6462
54109 8443
53091 637370
53091 439761
52019 85931
52019 64257
52019 6200
52019 3913
52019 3603
46907 4779
44229 138396
44229 39168
42729 64257
42729 8381
42729 6200
40808 139041
40808 3454
40808 2181
40758 140312
40758 138396
40758 5236
40590 108679
40590 32115
40590 3450
39168 40961
36162 56567
36162 36158
36161 11363
36161 4779
36158 341255
36158 20334
36158 12696
33548 2181
33229 58382
33229 39168
32582 3454
32115 64257
32115 62628
32115 5480
32115 4197
32100 441079
32100 54109
31533 64257
31533 21948
31533 2811
27731 11221
26575 150997
26575 126556
26575 36158
26575 26570
26570 120232
26570 36162
26570 36161
26570 27731
26541 31533
25821 6462
22293 64257
22293 3913
22293 2811
22114 3450
22114 3000
21948 108679
20349 150993
20349 117800
20349 36161
20349 20334
20349 12696
20349 8381
20338 36158
20338 26570
16764 39209
15804 93178
15804 15044
15804 5224
15804 5143
15804 3454
15804 3450
15804 2181
15651 6200
15044 64157
13680 93178
13680 32100
13680 5143
13680 4779
13680 3516
12001 150978
12001 36158
12001 16764
12001 11363
11363 439761
11363 117800
11363 80483
11363 76712
11363 73871
11363 64157
11363 46834
11363 27731
11363 12861
11363 11250
11363 8753
9959 8443
9944 117800
9944 36162
9944 13680
9944 6613
9944 3603
9145 125870
9145 6200
8753 2181
8612 19843
7097 32100
7097 4779
6462 8381
6137 432437
6137 42729
6137 31533
6137 22293
6137 9145
6137 6058
6137 3454
6137 3000
6065 27731
6065 25821
6065 15804
6065 2811
6058 109318
6058 102894
6058 62628
6058 15804
6058 12696
6058 6200
6058 5138
5480 93178
5480 64578
5480 32100
5480 16764
5480 9145
5480 8443
5480 3000
5236 125356
5236 65350
5236 21948
5236 12868
5236 12861
5236 5138
5224 65350
5224 5138
5224 3913
5224 2811
5143 6200
5143 5138
5138 11221
5138 4779
5138 2181
4779 178285
4779 12861
4779 12696
4779 6613
3603 108679
3603 11363
3603 3454
3603 3450
3516 109318
3454 72241
3454 65350
3454 64257
3454 62628
3454 27731
3454 21948
3454 12868
3454 12696
3454 6613
3454 6200
3454 2811
3450 211537
3450 117800
3450 64257
3450 64157
3450 12696
3450 6200
3450 5480
3450 2811
3000 205519
3000 109318
3000 64257
3000 19843
3000 3913
2811 658099
2811 39168
2811 2181
2479 2181
2181 6200
694808 33229
637371 206969
637370 637371
441079 40961
439761 637371
377809 206969
377809 54015
341534 341527
341534 341522
341534 81422
341534 81421
341527 341522
341527 81422
341527 81421
310423 441079
310423 40961
290766 346478
290766 150980
290766 120232
290766 36162
290766 27731
265393 43275
265393 39209
237078 694808
237078 100801
237078 43275
237078 33229
227182 117800
227182 36162
216687 694808
216687 237078
216687 33229
216683 694808
216683 237078
216683 216672
216681 206969
216672 441079
211537 147807
210278 310423
210278 12696
205835 377809
205835 39209
195488 46834
151004 36161
151004 20334
151004 8381
150993 441079
150993 166363
150993 117800
150993 80483
150993 20334
150980 346478
150980 166363
150980 36162
150980 36161
126628 216672
126628 178285
126628 138395
126628 125870
126628 125356
126628 81364
126628 39209
126628 11250
126628 5138
126252 76712
125870 178285
125870 125356
120232 10570
117800 80483
102894 10570
89705 237078
89705 100801
89705 33229
85931 5480
81422 206969
81422 81421
81421 206969
81364 125870
81364 42298
81364 23042
81364 11250
80483 166363
76712 54109
73871 127062
73699 10570
67123 150993
67123 127062
67123 117800
67123 80483
67123 73871
67123 27731
66446 12696
65350 46834
64257 6200
62663 64157
54204 127062
54204 100801
54204 54109
54015 206969
54015 10570
42298 64257
42298 11250
40808 6200
40808 2811
40758 138395
40758 126628
40758 125870
40758 125356
40758 100801
40758 81364
40758 54204
40758 44229
40758 11250
40590 76712
40590 6200
40590 5480
39642 147807
39642 43275
39210 210278
39210 126628
39210 40758
39210 39209
36162 168691
36162 36161
36162 20334
36162 12696
36162 5138
36161 20334
33229 100801
33229 39209
27731 80483
27731 73871
27731 3913
26575 341255
26575 150980
26575 80483
26575 36162
26575 36161
23042 127062
22114 10570
21948 12868
21948 6200
20338 341255
20338 36161
20338 9959
20334 80483
15804 64257
15804 27731
13680 64257
13680 11250
13680 5480
12868 12696
12014 12696
