# b global global_epsilon video video_epsilon data data_epsilon voix voix_epsilon
3 0.0001381944 3.86991820378675e-06 5.42079826666667e-05 1.24569321361239e-07 1.20488353333333e-05 6.93671618534304e-08 0.0002828104 7.59147472787731e-06 
4 0.000455636266666667 2.85306803403634e-05 0.0001182386 5.05599627873676e-06 0.000226390933333333 9.05925698741348e-06 0.000676087333333334 4.67354469791399e-05 
5 0.000748493066666666 7.02112499748011e-05 0.0002241942 2.43897273423874e-05 0.000581069933333333 2.58212981212022e-05 0.000925456133333333 0.000107512575697804 
6 0.00105883226666667 6.7549483318853e-05 0.000339695066666667 2.24967751867684e-05 0.000972383666666667 3.60748496894997e-05 0.001178562 9.74148471106946e-05 
7 0.00137850133333333 0.000136065143492373 0.000461792733333333 3.8016236124898e-05 0.00137294333333333 8.32057663746931e-05 0.00144137466666667 0.000180318753610377 
8 0.00171659 0.000154117161172921 0.00059471 5.70278488158198e-05 0.00178387466666667 0.000109691808653153 0.001727618 0.000192709997663847 
9 0.00200986133333333 0.000254249212454237 0.0007149624 8.04457603717188e-05 0.002177062 0.000156571341239705 0.001952236 0.000327578097586514 
10 0.00227368466666667 0.000210924589385875 0.000811494666666667 9.42887973776312e-05 0.00255323933333333 0.000152154029898652 0.00213716266666667 0.000255288050994166 
11 0.00266007133333333 0.000308110264177615 0.000967148933333333 0.000100916320246053 0.00300432866666667 0.000195286304674957 0.00247783666666667 0.000386889937131996 
12 0.00299386666666667 0.000393415126323328 0.00108202446666667 0.000146572339941395 0.00341439533333333 0.000303637679673653 0.00275760866666667 0.000457911601001329 
13 0.00328219 0.000436092544756271 0.00122404153333333 0.000154088471780455 0.003875434 0.000363608864020667 0.00292496933333333 0.000474986918220281 
14 0.00373811666666667 0.000643077795391817 0.0013775812 0.000217307839145338 0.004360768 0.000494248756973247 0.00335867 0.000785839226175431 
15 0.00392963066666667 0.00059821039965584 0.00146011733333333 0.00021869440743741 0.004669194 0.000498221440673121 0.00347203466666667 0.0006787554700005 
16 0.00414527133333333 0.000440874644670795 0.001530966 0.000125704064168188 0.00499491466666667 0.000339248075996902 0.00361341 0.000544577537305754 
17 0.004690154 0.000803686045464521 0.00178116733333333 0.000310899589936043 0.00562465 0.000624678263454076 0.00409240866666667 0.000920180137738041 
18 0.00514953866666667 0.00101078489387782 0.00193469666666667 0.000348858551097719 0.006163688 0.000753700260176152 0.00449295866666667 0.00117711986543665 
19 0.00547332866666667 0.000963879906866825 0.00206481133333333 0.000270685678770784 0.00647541466666667 0.000645437843044239 0.00481522866666667 0.00120394327196741 
20 0.00566704133333333 0.000960349425521565 0.00206893333333333 0.000322843389816177 0.00683421666666667 0.00061524445805387 0.004913544 0.00121729460256768 
