3 0.0001870224 6.11058064540515e-06 0.00014420318 5.8049031493006e-06 0.000211710266666667 8.99727272144176e-06 0.000240930066666667 4.56176698265048e-06 
4 0.000417901266666667 1.95923156677305e-05 0.000365282733333333 1.9909143599462e-05 0.000721585533333333 3.49307211219007e-05 0.000274646533333333 5.07176275036598e-06 
5 0.000661905533333333 4.52998405425008e-05 0.000613988333333333 5.13401886223648e-05 0.001287794 9.03319103550899e-05 0.000282613666666667 7.14508899314767e-06 
6 0.0009030382 7.17094442468773e-05 0.0008543598 7.79418480071906e-05 0.001877754 0.000138618051473825 0.000282597733333333 7.50559558223064e-06 
7 0.001179716 9.26227790794467e-05 0.00114037706666667 0.000105367831785057 0.002518982 0.000175876428772021 0.0002872938 7.38594012404649e-06 
8 0.00142038666666667 0.000129188670493972 0.001390718 0.000145129365311091 0.003090654 0.000241125095712578 0.0002887624 8.59481474983609e-06 
9 0.00172868533333333 0.00012608032153195 0.001698942 0.000140541290329924 0.003837042 0.00026889737171196 0.000289325933333333 5.69121368813367e-06 
10 0.00196369266666667 0.0002235924510452 0.00194755066666667 0.00024763125939267 0.00440557 0.000424905094987104 0.000289029533333333 1.02281513743198e-05 
11 0.002267062 0.000226801248377517 0.00226404666666667 0.000244798389026562 0.00508184 0.000463177980117794 0.0002932798 7.49310683068112e-06 
12 0.002484086 0.000282773790313742 0.002473592 0.000325308001084511 0.00566939333333333 0.000526788498781057 0.0002893442 1.14685693840165e-05 
13 0.002877938 0.000413793658213366 0.00288734066666667 0.000500122535907351 0.006534024 0.000716270450319151 0.000293956 1.46844940791299e-05 
14 0.003011284 0.000318377736477286 0.00300540266666667 0.000375252952865664 0.00693596066666667 0.000579319095570308 0.00029064 1.26280600552896e-05 
15 0.003398088 0.000439325990519113 0.003431706 0.000516555823403821 0.00775862733333333 0.000808552280322305 0.000295413 1.49263895654642e-05 
16 0.003458024 0.000502456378138839 0.00345943666666667 0.000599063394550193 0.00806850466666667 0.000816769217116806 0.000288461266666667 1.91486178379537e-05 
17 0.00391345266666667 0.000597972964797239 0.00393706466666667 0.000650055314133805 0.00910395133333333 0.00132201238614984 0.000291367466666667 9.84018938110441e-06 
18 0.00441750666666667 0.00068266384407408 0.00454539666666667 0.000813808954878232 0.00995615333333333 0.00128511981731432 0.000303285266666667 1.4695363971811e-05 
19 0.00439222733333333 0.000864064900525649 0.00447723133333333 0.00102228083681325 0.0100323053333333 0.00159555571506657 0.000298299333333333 1.74400294225669e-05 
20 0.00478255466666667 0.000818037980012908 0.00490466866666667 0.000966262300626284 0.0108661626666667 0.00148941412776313 0.0003015826 1.63241688322561e-05 
