#global_moy global_epsilon video_moy video_epsilon data_moy data_epsilon voice_moy voice_epsilon 
0.00441225946179161 1.5938127089938e-05 0.00550628027082697 2.1035806930507e-05 1.99802943019666e-06 7.05982211032123e-07 0.00531867764998077 1.9653086425859e-05 
0.00176737125852811 2.17100091937499e-05 0.0021968811494039 3.08495963131426e-05 6.19945585794936e-07 1.28756403505778e-07 0.00213174599128666 2.56095226991968e-05 
0.000809771210089859 7.98556533184616e-06 0.000999029872188068 1.13567800494899e-05 5.19972378453639e-07 1.00712183967698e-07 0.000977860484932028 9.59001258559826e-06 
0.000392693478561522 6.5565379937387e-06 0.000505109427140022 1.05766833546249e-05 1.45654582226194e-07 8.62539641787057e-08 0.000471107417314427 7.71898348870985e-06 
0.000115423283630128 4.2402776970094e-06 0.000132235281449571 6.73918616961854e-06 4.43821623480401e-07 1.24166251860175e-07 0.000140821479702531 4.94470793176718e-06 
5.56176729138844e-05 3.91983338319212e-06 7.11134717429467e-05 5.8028498598356e-06 4.39900112901369e-06 8.14212866373267e-07 6.57214563610017e-05 4.48092440497292e-06 
8.83862589828811e-06 8.43288096721617e-07 1.24873664410126e-05 1.23780616917889e-06 2.59902086833449e-06 2.38158873227945e-07 9.80534480930207e-06 1.08560369118879e-06 
8.35080999362874e-06 8.03480902859985e-07 1.39700471622956e-05 1.28658088967312e-06 7.60935145551728e-06 7.71055670897816e-07 7.68689749399948e-06 8.50673812350369e-07 
7.78462650134043e-06 7.56730320092564e-07 1.31806056956753e-05 1.33433185101257e-06 9.73930235734035e-06 1.07053341028367e-06 6.49844431056647e-06 6.05051881212012e-07 
