# b global global_epsilon video video_epsilon data data_epsilon voix voix_epsilon
3 7.74620133333333e-05 1.85395674845989e-06 0.000106573373333333 3.42215447939452e-06 0.000144244066666667 3.81077499519455e-06 8.315455e-05 6.24256382426276e-08 
4 0.000275596533333333 1.59668327396513e-05 0.000283843066666667 1.75770728389001e-05 0.000617357133333333 3.16485255690688e-05 8.31820813333334e-05 1.02559144397754e-07 
5 0.000492489333333333 4.12541499796081e-05 0.000476445466666667 6.27580544223289e-05 0.00113776066666667 7.71103546120753e-05 8.31771086666667e-05 1.2691301464231e-07 
6 0.000726038466666667 4.1717269696326e-05 0.000688662533333333 5.41083979640499e-05 0.001695398 8.06209634003464e-05 8.3187878e-05 1.03753393918463e-07 
7 0.000966745066666667 8.70253531484015e-05 0.000903647333333333 8.21137623748906e-05 0.002264906 0.00017262222693037 8.32040486666667e-05 1.15623459123138e-07 
8 0.00121804866666667 0.000101918972392779 0.0011440088 0.000121064727029949 0.00286376733333333 0.000205453325230817 8.32095853333333e-05 1.22374021424483e-07 
9 0.00144371066666667 0.000167712050844297 0.00134476133333333 0.000178070391142379 0.003402696 0.000304622683289344 8.3203884e-05 1.81737657320658e-07 
10 0.00164728666666667 0.000143566899924739 0.00150999733333333 0.000179765199080356 0.003921562 0.000267864380348713 8.3159464e-05 1.4780152442515e-07 
11 0.00193350866666667 0.000205826755193779 0.001800844 0.000210970026203724 0.00458077333333333 0.000372555579445537 8.31965186666667e-05 1.72954608899562e-07 
12 0.002179934 0.000265442271954563 0.00201099733333333 0.000282453309013012 0.00518756666666667 0.000552830753281689 8.31802826666667e-05 1.60553644687376e-07 
13 0.002417822 0.000311731710558294 0.00222595066666667 0.00029930332455621 0.00575788466666667 0.000574870512833629 8.31733566666667e-05 1.96794709944148e-07 
14 0.002747632 0.000427493032684276 0.002524236 0.000437737850669096 0.006499514 0.000884355060789726 8.32199613333333e-05 1.68410386038389e-07 
15 0.002895314 0.000408580485102262 0.00266114533333333 0.000414928884609881 0.006931224 0.000864060603070409 8.31572166666667e-05 1.78583002332246e-07 
16 0.00306659066666667 0.000282984845679764 0.00278250733333333 0.000273341597201011 0.007357506 0.000652806266396394 8.31588026666667e-05 1.61160938947374e-07 
17 0.00347746466666667 0.00055565621475657 0.00322076466666667 0.000595519903902128 0.00824641466666667 0.00105307944003651 8.3210064e-05 2.25619391166627e-07 
18 0.00382052133333333 0.000695300195687877 0.00350784733333333 0.000713148244368869 0.009022874 0.00131886179429249 8.3230734e-05 2.32398394113213e-07 
19 0.00405690933333333 0.000644821345929553 0.003746072 0.00062856475433769 0.00949412066666667 0.00120431843216917 8.3288922e-05 2.05161718236128e-07 
20 0.00420579733333333 0.000635891250048623 0.003781534 0.000689853034119877 0.00999532666666667 0.00118349964541947 8.32035406666667e-05 2.42562577724594e-07 
