# b global global_epsilon video video_epsilon data data_epsilon voix voix_epsilon
3 8.96231666666667e-05 2.2578964574134e-06 9.55803e-05 2.74849482902915e-06 0.0001177762 3.04604090189216e-06 0.000123133926666667 1.55123407603108e-06 
4 0.0003313386 1.94687431064257e-05 0.000237389666666667 1.40782648092725e-05 0.000496277733333333 2.53219397188288e-05 0.0002667482 1.32768214831713e-05 
5 0.000595956466666667 5.03259190965848e-05 0.000391486266666667 5.02105037858016e-05 0.0009126212 6.17002061234482e-05 0.000423478866666667 3.47233704132534e-05 
6 0.000880874066666667 5.0899258545916e-05 0.0005612548 4.32777937743596e-05 0.00135871466666667 6.45127901551313e-05 0.000592740333333333 3.55155904779859e-05 
7 0.001174534 0.000106181928191195 0.0007332356 6.56980614313999e-05 0.001814322 0.0001380877730344 0.000768443333333333 7.1813004493476e-05 
8 0.00148112266666667 0.000124333556992471 0.0009255408 9.63162119449057e-05 0.00229341466666667 0.000164303409829498 0.000950873066666667 8.39978631354631e-05 
9 0.00175643333333333 0.000204666301075678 0.0010861528 0.000142260952718362 0.00272449466666667 0.000243962061656316 0.00111505326666667 0.000143290700225744 
10 0.00200480266666667 0.000174898761734896 0.00121834693333333 0.000143535737581426 0.003139702 0.000213487987675185 0.0012552132 0.000122222637331781 
11 0.002353988 0.000251344150700986 0.001450962 0.000170679264375026 0.00366699333333333 0.000298282210086354 0.00146842866666667 0.00017699198742203 
12 0.00265462533333333 0.000323814494529816 0.00161910733333333 0.000225997296475865 0.00415246533333333 0.000442390205291211 0.001642902 0.000213500932877587 
13 0.002944864 0.000380261773564475 0.00179109666666667 0.000239494419225167 0.00460868933333333 0.000459961027075556 0.00181564 0.000264294601511268 
14 0.003347226 0.000521623344606431 0.002029722 0.000350197129333751 0.00520197333333333 0.000707735496570576 0.00206425133333333 0.000342823426380987 
15 0.00352747733333333 0.000498198070986229 0.00213929666666667 0.000331082381334314 0.005547522 0.000690929709198845 0.00215424733333333 0.000325391462737423 
16 0.00373637666666667 0.00034574674248357 0.00223634 0.00021866276567811 0.005888336 0.000524079152844682 0.00227448266666667 0.000217317093843075 
17 0.00423771 0.000679660716172415 0.00258690266666667 0.000478936681458416 0.006599194 0.000847606775038048 0.00259456133333333 0.000464072377552899 
18 0.004656098 0.000847969751670188 0.00281655733333333 0.000573047703801699 0.00722084933333333 0.00105431729673965 0.00285282266666667 0.00058418164946222 
19 0.00494453666666667 0.000787003237394866 0.00300714733333333 0.000504232732684422 0.00759765266666667 0.00096494805208695 0.00304536533333333 0.00055441725401506 
20 0.00512616533333333 0.000775702116944127 0.00303554466666667 0.000551897214357529 0.007998656 0.000947537767650662 0.003121652 0.000544378671246036 
