# min global_moy global_epsilon video_moy video_epsilon data_moy data_epsilon voice_moy voice_epsilon 
40 0.00451404351976682 9.74578138096689e-05 0.00556361870960222 0.000152665862090272 6.03542903951334e-06 5.6171994596493e-06 0.00545264424070485 0.00011712929210489 
60 0.00176918388599936 0.000179576716000846 0.00219321805597485 0.000263832018238746 0 0 0.00213518297685714 0.000210649566033317 
80 0.000815006897026953 6.55128940778902e-05 0.000977764766251416 8.61572790791143e-05 1.76729724826194e-07 3.05578460828521e-07 0.000988722263107129 7.9436404284712e-05 
100 0.000443662803322276 4.4164261046789e-05 0.000589621631451264 7.51778134027327e-05 0 0 0.000529527370323467 5.21559323023944e-05 
130 0.000117880910559046 2.31389177664386e-05 0.000138402300661002 2.89005740137012e-05 0 0 0.000143471400529963 2.84482506102911e-05 
160 8.02444751942559e-05 2.40591278676986e-05 0.000107807118016113 3.4725061460651e-05 1.2089590256047e-05 5.51601146597945e-06 9.26372597358907e-05 2.74515832173235e-05 
190 7.77759314072004e-06 6.73217490305517e-06 2.64954068327005e-06 5.06976507276859e-06 3.6932428957164e-07 5.27659330853988e-07 1.03489315098476e-05 9.25186491667263e-06 
220 7.38126721620875e-06 4.88656808375367e-06 1.28850318134842e-05 8.06869483298313e-06 7.88822029017458e-06 5.71733192802852e-06 6.43230273644381e-06 4.51611384175852e-06 
250 6.62169262899519e-06 3.99904008009203e-06 1.19305145232895e-05 6.91571656246503e-06 7.83441654836997e-06 5.69853548146276e-06 5.53070273644381e-06 3.26840194500873e-06 
